Initial board:
[ 5  6  2  4  ]
[ 10 9  1  13 ]
[ 14 3  0  7  ]
[ 11 12 15 8  ]

Solution (total nodes 3987):
Step #1:
[ 5  6  2  4  ]
[ 10 9  1  13 ]
[ 14 3  7  0  ]
[ 11 12 15 8  ]

Step #2:
[ 5  6  2  4  ]
[ 10 9  1  0  ]
[ 14 3  7  13 ]
[ 11 12 15 8  ]

Step #3:
[ 5  6  2  4  ]
[ 10 9  0  1  ]
[ 14 3  7  13 ]
[ 11 12 15 8  ]

Step #4:
[ 5  6  2  4  ]
[ 10 9  7  1  ]
[ 14 3  0  13 ]
[ 11 12 15 8  ]

Step #5:
[ 5  6  2  4 ]
[ 10 9  7  1 ]
[ 14 3  13 0 ]
[ 11 12 15 8 ]

Step #6:
[ 5  6  2  4 ]
[ 10 9  7  1 ]
[ 14 3  13 8 ]
[ 11 12 15 0 ]

Step #7:
[ 5  6  2  4  ]
[ 10 9  7  1  ]
[ 14 3  13 8  ]
[ 11 12 0  15 ]

Step #8:
[ 5  6 2  4  ]
[ 10 9 7  1  ]
[ 14 3 13 8  ]
[ 11 0 12 15 ]

Step #9:
[ 5  6  2  4  ]
[ 10 9  7  1  ]
[ 14 3  13 8  ]
[ 0  11 12 15 ]

Step #10:
[ 5  6  2  4  ]
[ 10 9  7  1  ]
[ 0  3  13 8  ]
[ 14 11 12 15 ]

Step #11:
[ 5  6  2  4  ]
[ 0  9  7  1  ]
[ 10 3  13 8  ]
[ 14 11 12 15 ]

Step #12:
[ 5  6  2  4  ]
[ 9  0  7  1  ]
[ 10 3  13 8  ]
[ 14 11 12 15 ]

Step #13:
[ 5  6  2  4  ]
[ 9  3  7  1  ]
[ 10 0  13 8  ]
[ 14 11 12 15 ]

Step #14:
[ 5  6  2  4  ]
[ 9  3  7  1  ]
[ 10 13 0  8  ]
[ 14 11 12 15 ]

Step #15:
[ 5  6  2  4  ]
[ 9  3  7  1  ]
[ 10 13 12 8  ]
[ 14 11 0  15 ]

Step #16:
[ 5  6  2  4  ]
[ 9  3  7  1  ]
[ 10 13 12 8  ]
[ 14 0  11 15 ]

Step #17:
[ 5  6  2  4  ]
[ 9  3  7  1  ]
[ 10 0  12 8  ]
[ 14 13 11 15 ]

Step #18:
[ 5  6  2  4  ]
[ 9  3  7  1  ]
[ 0  10 12 8  ]
[ 14 13 11 15 ]

Step #19:
[ 5  6  2  4  ]
[ 0  3  7  1  ]
[ 9  10 12 8  ]
[ 14 13 11 15 ]

Step #20:
[ 0  6  2  4  ]
[ 5  3  7  1  ]
[ 9  10 12 8  ]
[ 14 13 11 15 ]

Step #21:
[ 6  0  2  4  ]
[ 5  3  7  1  ]
[ 9  10 12 8  ]
[ 14 13 11 15 ]

Step #22:
[ 6  3  2  4  ]
[ 5  0  7  1  ]
[ 9  10 12 8  ]
[ 14 13 11 15 ]

Step #23:
[ 6  3  2  4  ]
[ 5  7  0  1  ]
[ 9  10 12 8  ]
[ 14 13 11 15 ]

Step #24:
[ 6  3  2  4  ]
[ 5  7  1  0  ]
[ 9  10 12 8  ]
[ 14 13 11 15 ]

Step #25:
[ 6  3  2  4  ]
[ 5  7  1  8  ]
[ 9  10 12 0  ]
[ 14 13 11 15 ]

Step #26:
[ 6  3  2  4  ]
[ 5  7  1  8  ]
[ 9  10 0  12 ]
[ 14 13 11 15 ]

Step #27:
[ 6  3  2  4  ]
[ 5  7  1  8  ]
[ 9  10 11 12 ]
[ 14 13 0  15 ]

Step #28:
[ 6  3  2  4  ]
[ 5  7  1  8  ]
[ 9  10 11 12 ]
[ 14 0  13 15 ]

Step #29:
[ 6 3  2  4  ]
[ 5 7  1  8  ]
[ 9 10 11 12 ]
[ 0 14 13 15 ]

Step #30:
[ 6 3  2  4  ]
[ 5 7  1  8  ]
[ 0 10 11 12 ]
[ 9 14 13 15 ]

Step #31:
[ 6 3  2  4  ]
[ 0 7  1  8  ]
[ 5 10 11 12 ]
[ 9 14 13 15 ]

Step #32:
[ 0 3  2  4  ]
[ 6 7  1  8  ]
[ 5 10 11 12 ]
[ 9 14 13 15 ]

Step #33:
[ 3 0  2  4  ]
[ 6 7  1  8  ]
[ 5 10 11 12 ]
[ 9 14 13 15 ]

Step #34:
[ 3 2  0  4  ]
[ 6 7  1  8  ]
[ 5 10 11 12 ]
[ 9 14 13 15 ]

Step #35:
[ 3 2  1  4  ]
[ 6 7  0  8  ]
[ 5 10 11 12 ]
[ 9 14 13 15 ]

Step #36:
[ 3 2  1  4  ]
[ 6 0  7  8  ]
[ 5 10 11 12 ]
[ 9 14 13 15 ]

Step #37:
[ 3 2  1  4  ]
[ 0 6  7  8  ]
[ 5 10 11 12 ]
[ 9 14 13 15 ]

Step #38:
[ 3 2  1  4  ]
[ 5 6  7  8  ]
[ 0 10 11 12 ]
[ 9 14 13 15 ]

Step #39:
[ 3  2  1  4  ]
[ 5  6  7  8  ]
[ 10 0  11 12 ]
[ 9  14 13 15 ]

Step #40:
[ 3  2  1  4  ]
[ 5  6  7  8  ]
[ 10 14 11 12 ]
[ 9  0  13 15 ]

Step #41:
[ 3  2  1  4  ]
[ 5  6  7  8  ]
[ 10 14 11 12 ]
[ 9  13 0  15 ]

Step #42:
[ 3  2  1  4  ]
[ 5  6  7  8  ]
[ 10 14 0  12 ]
[ 9  13 11 15 ]

Step #43:
[ 3  2  1  4  ]
[ 5  6  7  8  ]
[ 10 0  14 12 ]
[ 9  13 11 15 ]

Step #44:
[ 3 2  1  4  ]
[ 5 6  7  8  ]
[ 0 10 14 12 ]
[ 9 13 11 15 ]

Step #45:
[ 3 2  1  4  ]
[ 5 6  7  8  ]
[ 9 10 14 12 ]
[ 0 13 11 15 ]

Step #46:
[ 3  2  1  4  ]
[ 5  6  7  8  ]
[ 9  10 14 12 ]
[ 13 0  11 15 ]

Step #47:
[ 3  2  1  4  ]
[ 5  6  7  8  ]
[ 9  10 14 12 ]
[ 13 11 0  15 ]

Step #48:
[ 3  2  1  4  ]
[ 5  6  7  8  ]
[ 9  10 0  12 ]
[ 13 11 14 15 ]

Step #49:
[ 3  2  1  4  ]
[ 5  6  7  8  ]
[ 9  0  10 12 ]
[ 13 11 14 15 ]

Step #50:
[ 3  2  1  4  ]
[ 5  6  7  8  ]
[ 9  11 10 12 ]
[ 13 0  14 15 ]

Step #51:
[ 3  2  1  4  ]
[ 5  6  7  8  ]
[ 9  11 10 12 ]
[ 13 14 0  15 ]

Step #52:
[ 3  2  1  4  ]
[ 5  6  7  8  ]
[ 9  11 10 12 ]
[ 13 14 15 0  ]

Step #53:
[ 3  2  1  4  ]
[ 5  6  7  8  ]
[ 9  11 10 0  ]
[ 13 14 15 12 ]

Step #54:
[ 3  2  1  4  ]
[ 5  6  7  0  ]
[ 9  11 10 8  ]
[ 13 14 15 12 ]

Step #55:
[ 3  2  1  4  ]
[ 5  6  0  7  ]
[ 9  11 10 8  ]
[ 13 14 15 12 ]

Step #56:
[ 3  2  1  4  ]
[ 5  6  10 7  ]
[ 9  11 0  8  ]
[ 13 14 15 12 ]

Step #57:
[ 3  2  1  4  ]
[ 5  6  10 7  ]
[ 9  0  11 8  ]
[ 13 14 15 12 ]

Step #58:
[ 3  2  1  4  ]
[ 5  0  10 7  ]
[ 9  6  11 8  ]
[ 13 14 15 12 ]

Step #59:
[ 3  2  1  4  ]
[ 5  10 0  7  ]
[ 9  6  11 8  ]
[ 13 14 15 12 ]

Step #60:
[ 3  2  1  4  ]
[ 5  10 7  0  ]
[ 9  6  11 8  ]
[ 13 14 15 12 ]

Step #61:
[ 3  2  1  4  ]
[ 5  10 7  8  ]
[ 9  6  11 0  ]
[ 13 14 15 12 ]

Step #62:
[ 3  2  1  4  ]
[ 5  10 7  8  ]
[ 9  6  11 12 ]
[ 13 14 15 0  ]

Step #63:
[ 3  2  1  4  ]
[ 5  10 7  8  ]
[ 9  6  11 12 ]
[ 13 14 0  15 ]

Step #64:
[ 3  2  1  4  ]
[ 5  10 7  8  ]
[ 9  6  0  12 ]
[ 13 14 11 15 ]

Step #65:
[ 3  2  1  4  ]
[ 5  10 7  8  ]
[ 9  0  6  12 ]
[ 13 14 11 15 ]

Step #66:
[ 3  2  1  4  ]
[ 5  0  7  8  ]
[ 9  10 6  12 ]
[ 13 14 11 15 ]

Step #67:
[ 3  0  1  4  ]
[ 5  2  7  8  ]
[ 9  10 6  12 ]
[ 13 14 11 15 ]

Step #68:
[ 3  1  0  4  ]
[ 5  2  7  8  ]
[ 9  10 6  12 ]
[ 13 14 11 15 ]

Step #69:
[ 3  1  7  4  ]
[ 5  2  0  8  ]
[ 9  10 6  12 ]
[ 13 14 11 15 ]

Step #70:
[ 3  1  7  4  ]
[ 5  2  6  8  ]
[ 9  10 0  12 ]
[ 13 14 11 15 ]

Step #71:
[ 3  1  7  4  ]
[ 5  2  6  8  ]
[ 9  10 11 12 ]
[ 13 14 0  15 ]

Step #72:
[ 3  1  7  4  ]
[ 5  2  6  8  ]
[ 9  10 11 12 ]
[ 13 0  14 15 ]

Step #73:
[ 3  1  7  4  ]
[ 5  2  6  8  ]
[ 9  0  11 12 ]
[ 13 10 14 15 ]

Step #74:
[ 3  1  7  4  ]
[ 5  0  6  8  ]
[ 9  2  11 12 ]
[ 13 10 14 15 ]

Step #75:
[ 3  1  7  4  ]
[ 5  6  0  8  ]
[ 9  2  11 12 ]
[ 13 10 14 15 ]

Step #76:
[ 3  1  0  4  ]
[ 5  6  7  8  ]
[ 9  2  11 12 ]
[ 13 10 14 15 ]

Step #77:
[ 3  0  1  4  ]
[ 5  6  7  8  ]
[ 9  2  11 12 ]
[ 13 10 14 15 ]

Step #78:
[ 0  3  1  4  ]
[ 5  6  7  8  ]
[ 9  2  11 12 ]
[ 13 10 14 15 ]

Step #79:
[ 5  3  1  4  ]
[ 0  6  7  8  ]
[ 9  2  11 12 ]
[ 13 10 14 15 ]

Step #80:
[ 5  3  1  4  ]
[ 6  0  7  8  ]
[ 9  2  11 12 ]
[ 13 10 14 15 ]

Step #81:
[ 5  3  1  4  ]
[ 6  2  7  8  ]
[ 9  0  11 12 ]
[ 13 10 14 15 ]

Step #82:
[ 5  3  1  4  ]
[ 6  2  7  8  ]
[ 9  10 11 12 ]
[ 13 0  14 15 ]

Step #83:
[ 5  3  1  4  ]
[ 6  2  7  8  ]
[ 9  10 11 12 ]
[ 13 14 0  15 ]

Step #84:
[ 5  3  1  4  ]
[ 6  2  7  8  ]
[ 9  10 11 12 ]
[ 13 14 15 0  ]

Step #85:
[ 5  3  1  4  ]
[ 6  2  7  8  ]
[ 9  10 11 0  ]
[ 13 14 15 12 ]

Step #86:
[ 5  3  1  4  ]
[ 6  2  7  0  ]
[ 9  10 11 8  ]
[ 13 14 15 12 ]

Step #87:
[ 5  3  1  4  ]
[ 6  2  0  7  ]
[ 9  10 11 8  ]
[ 13 14 15 12 ]

Step #88:
[ 5  3  1  4  ]
[ 6  0  2  7  ]
[ 9  10 11 8  ]
[ 13 14 15 12 ]

Step #89:
[ 5  3  1  4  ]
[ 0  6  2  7  ]
[ 9  10 11 8  ]
[ 13 14 15 12 ]

Step #90:
[ 0  3  1  4  ]
[ 5  6  2  7  ]
[ 9  10 11 8  ]
[ 13 14 15 12 ]

Step #91:
[ 3  0  1  4  ]
[ 5  6  2  7  ]
[ 9  10 11 8  ]
[ 13 14 15 12 ]

Step #92:
[ 3  1  0  4  ]
[ 5  6  2  7  ]
[ 9  10 11 8  ]
[ 13 14 15 12 ]

Step #93:
[ 3  1  2  4  ]
[ 5  6  0  7  ]
[ 9  10 11 8  ]
[ 13 14 15 12 ]

Step #94:
[ 3  1  2  4  ]
[ 5  6  7  0  ]
[ 9  10 11 8  ]
[ 13 14 15 12 ]

Step #95:
[ 3  1  2  4  ]
[ 5  6  7  8  ]
[ 9  10 11 0  ]
[ 13 14 15 12 ]

Step #96:
[ 3  1  2  4  ]
[ 5  6  7  8  ]
[ 9  10 0  11 ]
[ 13 14 15 12 ]

Step #97:
[ 3  1  2  4  ]
[ 5  6  7  8  ]
[ 9  0  10 11 ]
[ 13 14 15 12 ]

Step #98:
[ 3  1  2  4  ]
[ 5  0  7  8  ]
[ 9  6  10 11 ]
[ 13 14 15 12 ]

Step #99:
[ 3  0  2  4  ]
[ 5  1  7  8  ]
[ 9  6  10 11 ]
[ 13 14 15 12 ]

Step #100:
[ 0  3  2  4  ]
[ 5  1  7  8  ]
[ 9  6  10 11 ]
[ 13 14 15 12 ]

Step #101:
[ 5  3  2  4  ]
[ 0  1  7  8  ]
[ 9  6  10 11 ]
[ 13 14 15 12 ]

Step #102:
[ 5  3  2  4  ]
[ 1  0  7  8  ]
[ 9  6  10 11 ]
[ 13 14 15 12 ]

Step #103:
[ 5  3  2  4  ]
[ 1  6  7  8  ]
[ 9  0  10 11 ]
[ 13 14 15 12 ]

Step #104:
[ 5  3  2  4  ]
[ 1  6  7  8  ]
[ 9  10 0  11 ]
[ 13 14 15 12 ]

Step #105:
[ 5  3  2  4  ]
[ 1  6  7  8  ]
[ 9  10 11 0  ]
[ 13 14 15 12 ]

Step #106:
[ 5  3  2  4  ]
[ 1  6  7  0  ]
[ 9  10 11 8  ]
[ 13 14 15 12 ]

Step #107:
[ 5  3  2  0  ]
[ 1  6  7  4  ]
[ 9  10 11 8  ]
[ 13 14 15 12 ]

Step #108:
[ 5  3  0  2  ]
[ 1  6  7  4  ]
[ 9  10 11 8  ]
[ 13 14 15 12 ]

Step #109:
[ 5  0  3  2  ]
[ 1  6  7  4  ]
[ 9  10 11 8  ]
[ 13 14 15 12 ]

Step #110:
[ 0  5  3  2  ]
[ 1  6  7  4  ]
[ 9  10 11 8  ]
[ 13 14 15 12 ]

Step #111:
[ 1  5  3  2  ]
[ 0  6  7  4  ]
[ 9  10 11 8  ]
[ 13 14 15 12 ]

Step #112:
[ 1  5  3  2  ]
[ 6  0  7  4  ]
[ 9  10 11 8  ]
[ 13 14 15 12 ]

Step #113:
[ 1  0  3  2  ]
[ 6  5  7  4  ]
[ 9  10 11 8  ]
[ 13 14 15 12 ]

Step #114:
[ 1  3  0  2  ]
[ 6  5  7  4  ]
[ 9  10 11 8  ]
[ 13 14 15 12 ]

Step #115:
[ 1  3  2  0  ]
[ 6  5  7  4  ]
[ 9  10 11 8  ]
[ 13 14 15 12 ]

Step #116:
[ 1  3  2  4  ]
[ 6  5  7  0  ]
[ 9  10 11 8  ]
[ 13 14 15 12 ]

Step #117:
[ 1  3  2  4  ]
[ 6  5  7  8  ]
[ 9  10 11 0  ]
[ 13 14 15 12 ]

Step #118:
[ 1  3  2  4  ]
[ 6  5  7  8  ]
[ 9  10 11 12 ]
[ 13 14 15 0  ]

Step #119:
[ 1  3  2  4  ]
[ 6  5  7  8  ]
[ 9  10 11 12 ]
[ 13 14 0  15 ]

Step #120:
[ 1  3  2  4  ]
[ 6  5  7  8  ]
[ 9  10 0  12 ]
[ 13 14 11 15 ]

Step #121:
[ 1  3  2  4  ]
[ 6  5  7  8  ]
[ 9  0  10 12 ]
[ 13 14 11 15 ]

Step #122:
[ 1  3  2  4  ]
[ 6  0  7  8  ]
[ 9  5  10 12 ]
[ 13 14 11 15 ]

Step #123:
[ 1  3  2  4  ]
[ 0  6  7  8  ]
[ 9  5  10 12 ]
[ 13 14 11 15 ]

Step #124:
[ 1  3  2  4  ]
[ 9  6  7  8  ]
[ 0  5  10 12 ]
[ 13 14 11 15 ]

Step #125:
[ 1  3  2  4  ]
[ 9  6  7  8  ]
[ 5  0  10 12 ]
[ 13 14 11 15 ]

Step #126:
[ 1  3  2  4  ]
[ 9  6  7  8  ]
[ 5  10 0  12 ]
[ 13 14 11 15 ]

Step #127:
[ 1  3  2  4  ]
[ 9  6  7  8  ]
[ 5  10 11 12 ]
[ 13 14 0  15 ]

Step #128:
[ 1  3  2  4  ]
[ 9  6  7  8  ]
[ 5  10 11 12 ]
[ 13 14 15 0  ]

Step #129:
[ 1  3  2  4  ]
[ 9  6  7  8  ]
[ 5  10 11 0  ]
[ 13 14 15 12 ]

Step #130:
[ 1  3  2  4  ]
[ 9  6  7  8  ]
[ 5  10 0  11 ]
[ 13 14 15 12 ]

Step #131:
[ 1  3  2  4  ]
[ 9  6  0  8  ]
[ 5  10 7  11 ]
[ 13 14 15 12 ]

Step #132:
[ 1  3  0  4  ]
[ 9  6  2  8  ]
[ 5  10 7  11 ]
[ 13 14 15 12 ]

Step #133:
[ 1  0  3  4  ]
[ 9  6  2  8  ]
[ 5  10 7  11 ]
[ 13 14 15 12 ]

Step #134:
[ 1  6  3  4  ]
[ 9  0  2  8  ]
[ 5  10 7  11 ]
[ 13 14 15 12 ]

Step #135:
[ 1  6  3  4  ]
[ 9  2  0  8  ]
[ 5  10 7  11 ]
[ 13 14 15 12 ]

Step #136:
[ 1  6  3  4  ]
[ 9  2  7  8  ]
[ 5  10 0  11 ]
[ 13 14 15 12 ]

Step #137:
[ 1  6  3  4  ]
[ 9  2  7  8  ]
[ 5  10 11 0  ]
[ 13 14 15 12 ]

Step #138:
[ 1  6  3  4  ]
[ 9  2  7  8  ]
[ 5  10 11 12 ]
[ 13 14 15 0  ]

Step #139:
[ 1  6  3  4  ]
[ 9  2  7  8  ]
[ 5  10 11 12 ]
[ 13 14 0  15 ]

Step #140:
[ 1  6  3  4  ]
[ 9  2  7  8  ]
[ 5  10 0  12 ]
[ 13 14 11 15 ]

Step #141:
[ 1  6  3  4  ]
[ 9  2  7  8  ]
[ 5  0  10 12 ]
[ 13 14 11 15 ]

Step #142:
[ 1  6  3  4  ]
[ 9  2  7  8  ]
[ 0  5  10 12 ]
[ 13 14 11 15 ]

Step #143:
[ 1  6  3  4  ]
[ 0  2  7  8  ]
[ 9  5  10 12 ]
[ 13 14 11 15 ]

Step #144:
[ 0  6  3  4  ]
[ 1  2  7  8  ]
[ 9  5  10 12 ]
[ 13 14 11 15 ]

Step #145:
[ 6  0  3  4  ]
[ 1  2  7  8  ]
[ 9  5  10 12 ]
[ 13 14 11 15 ]

Step #146:
[ 6  2  3  4  ]
[ 1  0  7  8  ]
[ 9  5  10 12 ]
[ 13 14 11 15 ]

Step #147:
[ 6  2  3  4  ]
[ 1  5  7  8  ]
[ 9  0  10 12 ]
[ 13 14 11 15 ]

Step #148:
[ 6  2  3  4  ]
[ 1  5  7  8  ]
[ 9  10 0  12 ]
[ 13 14 11 15 ]

Step #149:
[ 6  2  3  4  ]
[ 1  5  7  8  ]
[ 9  10 11 12 ]
[ 13 14 0  15 ]

Step #150:
[ 6  2  3  4  ]
[ 1  5  7  8  ]
[ 9  10 11 12 ]
[ 13 14 15 0  ]

Step #151:
[ 6  2  3  4  ]
[ 1  5  7  8  ]
[ 9  10 11 0  ]
[ 13 14 15 12 ]

Step #152:
[ 6  2  3  4  ]
[ 1  5  7  8  ]
[ 9  10 0  11 ]
[ 13 14 15 12 ]

Step #153:
[ 6  2  3  4  ]
[ 1  5  0  8  ]
[ 9  10 7  11 ]
[ 13 14 15 12 ]

Step #154:
[ 6  2  0  4  ]
[ 1  5  3  8  ]
[ 9  10 7  11 ]
[ 13 14 15 12 ]

Step #155:
[ 6  0  2  4  ]
[ 1  5  3  8  ]
[ 9  10 7  11 ]
[ 13 14 15 12 ]

Step #156:
[ 0  6  2  4  ]
[ 1  5  3  8  ]
[ 9  10 7  11 ]
[ 13 14 15 12 ]

Step #157:
[ 1  6  2  4  ]
[ 0  5  3  8  ]
[ 9  10 7  11 ]
[ 13 14 15 12 ]

Step #158:
[ 1  6  2  4  ]
[ 5  0  3  8  ]
[ 9  10 7  11 ]
[ 13 14 15 12 ]

Step #159:
[ 1  0  2  4  ]
[ 5  6  3  8  ]
[ 9  10 7  11 ]
[ 13 14 15 12 ]

Step #160:
[ 1  2  0  4  ]
[ 5  6  3  8  ]
[ 9  10 7  11 ]
[ 13 14 15 12 ]

Step #161:
[ 1  2  3  4  ]
[ 5  6  0  8  ]
[ 9  10 7  11 ]
[ 13 14 15 12 ]

Step #162:
[ 1  2  3  4  ]
[ 5  6  7  8  ]
[ 9  10 0  11 ]
[ 13 14 15 12 ]

Step #163:
[ 1  2  3  4  ]
[ 5  6  7  8  ]
[ 9  10 11 0  ]
[ 13 14 15 12 ]

Step #164:
[ 1  2  3  4  ]
[ 5  6  7  8  ]
[ 9  10 11 12 ]
[ 13 14 15 0  ]

