Initial board:
[ 5  6  2  4  ]
[ 10 9  1  13 ]
[ 14 3  0  7  ]
[ 11 12 15 8  ]

Solution (total nodes 319406):
Step #1:
[ 5  6  2  4  ]
[ 10 9  1  13 ]
[ 14 0  3  7  ]
[ 11 12 15 8  ]

Step #2:
[ 5  6  2  4  ]
[ 10 0  1  13 ]
[ 14 9  3  7  ]
[ 11 12 15 8  ]

Step #3:
[ 5  6  2  4  ]
[ 10 1  0  13 ]
[ 14 9  3  7  ]
[ 11 12 15 8  ]

Step #4:
[ 5  6  2  4 ]
[ 10 1  13 0 ]
[ 14 9  3  7 ]
[ 11 12 15 8 ]

Step #5:
[ 5  6  2  0 ]
[ 10 1  13 4 ]
[ 14 9  3  7 ]
[ 11 12 15 8 ]

Step #6:
[ 5  6  0  2 ]
[ 10 1  13 4 ]
[ 14 9  3  7 ]
[ 11 12 15 8 ]

Step #7:
[ 5  0  6  2 ]
[ 10 1  13 4 ]
[ 14 9  3  7 ]
[ 11 12 15 8 ]

Step #8:
[ 5  1  6  2 ]
[ 10 0  13 4 ]
[ 14 9  3  7 ]
[ 11 12 15 8 ]

Step #9:
[ 5  1  6  2 ]
[ 10 13 0  4 ]
[ 14 9  3  7 ]
[ 11 12 15 8 ]

Step #10:
[ 5  1  6  2 ]
[ 10 13 3  4 ]
[ 14 9  0  7 ]
[ 11 12 15 8 ]

Step #11:
[ 5  1  6  2 ]
[ 10 13 3  4 ]
[ 14 9  15 7 ]
[ 11 12 0  8 ]

Step #12:
[ 5  1  6  2 ]
[ 10 13 3  4 ]
[ 14 9  15 7 ]
[ 11 0  12 8 ]

Step #13:
[ 5  1  6  2 ]
[ 10 13 3  4 ]
[ 14 9  15 7 ]
[ 0  11 12 8 ]

Step #14:
[ 5  1  6  2 ]
[ 10 13 3  4 ]
[ 0  9  15 7 ]
[ 14 11 12 8 ]

Step #15:
[ 5  1  6  2 ]
[ 10 13 3  4 ]
[ 9  0  15 7 ]
[ 14 11 12 8 ]

Step #16:
[ 5  1  6  2 ]
[ 10 0  3  4 ]
[ 9  13 15 7 ]
[ 14 11 12 8 ]

Step #17:
[ 5  1  6  2 ]
[ 0  10 3  4 ]
[ 9  13 15 7 ]
[ 14 11 12 8 ]

Step #18:
[ 5  1  6  2 ]
[ 9  10 3  4 ]
[ 0  13 15 7 ]
[ 14 11 12 8 ]

Step #19:
[ 5  1  6  2 ]
[ 9  10 3  4 ]
[ 13 0  15 7 ]
[ 14 11 12 8 ]

Step #20:
[ 5  1  6  2 ]
[ 9  10 3  4 ]
[ 13 11 15 7 ]
[ 14 0  12 8 ]

Step #21:
[ 5  1  6  2 ]
[ 9  10 3  4 ]
[ 13 11 15 7 ]
[ 0  14 12 8 ]

Step #22:
[ 5  1  6  2 ]
[ 9  10 3  4 ]
[ 0  11 15 7 ]
[ 13 14 12 8 ]

Step #23:
[ 5  1  6  2 ]
[ 0  10 3  4 ]
[ 9  11 15 7 ]
[ 13 14 12 8 ]

Step #24:
[ 0  1  6  2 ]
[ 5  10 3  4 ]
[ 9  11 15 7 ]
[ 13 14 12 8 ]

Step #25:
[ 1  0  6  2 ]
[ 5  10 3  4 ]
[ 9  11 15 7 ]
[ 13 14 12 8 ]

Step #26:
[ 1  6  0  2 ]
[ 5  10 3  4 ]
[ 9  11 15 7 ]
[ 13 14 12 8 ]

Step #27:
[ 1  6  2  0 ]
[ 5  10 3  4 ]
[ 9  11 15 7 ]
[ 13 14 12 8 ]

Step #28:
[ 1  6  2  4 ]
[ 5  10 3  0 ]
[ 9  11 15 7 ]
[ 13 14 12 8 ]

Step #29:
[ 1  6  2  4 ]
[ 5  10 3  7 ]
[ 9  11 15 0 ]
[ 13 14 12 8 ]

Step #30:
[ 1  6  2  4 ]
[ 5  10 3  7 ]
[ 9  11 15 8 ]
[ 13 14 12 0 ]

Step #31:
[ 1  6  2  4  ]
[ 5  10 3  7  ]
[ 9  11 15 8  ]
[ 13 14 0  12 ]

Step #32:
[ 1  6  2  4  ]
[ 5  10 3  7  ]
[ 9  11 0  8  ]
[ 13 14 15 12 ]

Step #33:
[ 1  6  2  4  ]
[ 5  10 3  7  ]
[ 9  0  11 8  ]
[ 13 14 15 12 ]

Step #34:
[ 1  6  2  4  ]
[ 5  0  3  7  ]
[ 9  10 11 8  ]
[ 13 14 15 12 ]

Step #35:
[ 1  0  2  4  ]
[ 5  6  3  7  ]
[ 9  10 11 8  ]
[ 13 14 15 12 ]

Step #36:
[ 1  2  0  4  ]
[ 5  6  3  7  ]
[ 9  10 11 8  ]
[ 13 14 15 12 ]

Step #37:
[ 1  2  3  4  ]
[ 5  6  0  7  ]
[ 9  10 11 8  ]
[ 13 14 15 12 ]

Step #38:
[ 1  2  3  4  ]
[ 5  6  7  0  ]
[ 9  10 11 8  ]
[ 13 14 15 12 ]

Step #39:
[ 1  2  3  4  ]
[ 5  6  7  8  ]
[ 9  10 11 0  ]
[ 13 14 15 12 ]

Step #40:
[ 1  2  3  4  ]
[ 5  6  7  8  ]
[ 9  10 11 12 ]
[ 13 14 15 0  ]

