Initial board:
[ 5  6  2  4  ]
[ 10 9  1  13 ]
[ 14 3  0  7  ]
[ 11 12 15 8  ]

Solution (total nodes 5146):
Step #1:
[ 5  6  2  4  ]
[ 10 9  1  13 ]
[ 14 0  3  7  ]
[ 11 12 15 8  ]

Step #2:
[ 5  6  2  4  ]
[ 10 9  1  13 ]
[ 0  14 3  7  ]
[ 11 12 15 8  ]

Step #3:
[ 5  6  2  4  ]
[ 0  9  1  13 ]
[ 10 14 3  7  ]
[ 11 12 15 8  ]

Step #4:
[ 5  6  2  4  ]
[ 9  0  1  13 ]
[ 10 14 3  7  ]
[ 11 12 15 8  ]

Step #5:
[ 5  6  2  4  ]
[ 9  1  0  13 ]
[ 10 14 3  7  ]
[ 11 12 15 8  ]

Step #6:
[ 5  6  2  4 ]
[ 9  1  13 0 ]
[ 10 14 3  7 ]
[ 11 12 15 8 ]

Step #7:
[ 5  6  2  4 ]
[ 9  1  13 7 ]
[ 10 14 3  0 ]
[ 11 12 15 8 ]

Step #8:
[ 5  6  2  4 ]
[ 9  1  13 7 ]
[ 10 14 3  8 ]
[ 11 12 15 0 ]

Step #9:
[ 5  6  2  4  ]
[ 9  1  13 7  ]
[ 10 14 3  8  ]
[ 11 12 0  15 ]

Step #10:
[ 5  6  2  4  ]
[ 9  1  13 7  ]
[ 10 14 3  8  ]
[ 11 0  12 15 ]

Step #11:
[ 5  6  2  4  ]
[ 9  1  13 7  ]
[ 10 0  3  8  ]
[ 11 14 12 15 ]

Step #12:
[ 5  6  2  4  ]
[ 9  1  13 7  ]
[ 0  10 3  8  ]
[ 11 14 12 15 ]

Step #13:
[ 5  6  2  4  ]
[ 0  1  13 7  ]
[ 9  10 3  8  ]
[ 11 14 12 15 ]

Step #14:
[ 5  6  2  4  ]
[ 1  0  13 7  ]
[ 9  10 3  8  ]
[ 11 14 12 15 ]

Step #15:
[ 5  6  2  4  ]
[ 1  13 0  7  ]
[ 9  10 3  8  ]
[ 11 14 12 15 ]

Step #16:
[ 5  6  2  4  ]
[ 1  13 3  7  ]
[ 9  10 0  8  ]
[ 11 14 12 15 ]

Step #17:
[ 5  6  2  4  ]
[ 1  13 3  7  ]
[ 9  10 12 8  ]
[ 11 14 0  15 ]

Step #18:
[ 5  6  2  4 ]
[ 1  13 3  7 ]
[ 9  10 12 8 ]
[ 11 14 15 0 ]

Step #19:
[ 5  6  2  4 ]
[ 1  13 3  7 ]
[ 9  10 12 0 ]
[ 11 14 15 8 ]

Step #20:
[ 5  6  2  4  ]
[ 1  13 3  7  ]
[ 9  10 0  12 ]
[ 11 14 15 8  ]

Step #21:
[ 5  6  2  4  ]
[ 1  13 3  7  ]
[ 9  0  10 12 ]
[ 11 14 15 8  ]

Step #22:
[ 5  6  2  4  ]
[ 1  0  3  7  ]
[ 9  13 10 12 ]
[ 11 14 15 8  ]

Step #23:
[ 5  0  2  4  ]
[ 1  6  3  7  ]
[ 9  13 10 12 ]
[ 11 14 15 8  ]

Step #24:
[ 0  5  2  4  ]
[ 1  6  3  7  ]
[ 9  13 10 12 ]
[ 11 14 15 8  ]

Step #25:
[ 1  5  2  4  ]
[ 0  6  3  7  ]
[ 9  13 10 12 ]
[ 11 14 15 8  ]

Step #26:
[ 1  5  2  4  ]
[ 6  0  3  7  ]
[ 9  13 10 12 ]
[ 11 14 15 8  ]

Step #27:
[ 1  0  2  4  ]
[ 6  5  3  7  ]
[ 9  13 10 12 ]
[ 11 14 15 8  ]

Step #28:
[ 1  2  0  4  ]
[ 6  5  3  7  ]
[ 9  13 10 12 ]
[ 11 14 15 8  ]

Step #29:
[ 1  2  3  4  ]
[ 6  5  0  7  ]
[ 9  13 10 12 ]
[ 11 14 15 8  ]

Step #30:
[ 1  2  3  4  ]
[ 6  0  5  7  ]
[ 9  13 10 12 ]
[ 11 14 15 8  ]

Step #31:
[ 1  2  3  4  ]
[ 0  6  5  7  ]
[ 9  13 10 12 ]
[ 11 14 15 8  ]

Step #32:
[ 1  2  3  4  ]
[ 9  6  5  7  ]
[ 0  13 10 12 ]
[ 11 14 15 8  ]

Step #33:
[ 1  2  3  4  ]
[ 9  6  5  7  ]
[ 13 0  10 12 ]
[ 11 14 15 8  ]

Step #34:
[ 1  2  3  4  ]
[ 9  6  5  7  ]
[ 13 10 0  12 ]
[ 11 14 15 8  ]

Step #35:
[ 1  2  3  4 ]
[ 9  6  5  7 ]
[ 13 10 12 0 ]
[ 11 14 15 8 ]

Step #36:
[ 1  2  3  4 ]
[ 9  6  5  7 ]
[ 13 10 12 8 ]
[ 11 14 15 0 ]

Step #37:
[ 1  2  3  4  ]
[ 9  6  5  7  ]
[ 13 10 12 8  ]
[ 11 14 0  15 ]

Step #38:
[ 1  2  3  4  ]
[ 9  6  5  7  ]
[ 13 10 12 8  ]
[ 11 0  14 15 ]

Step #39:
[ 1  2  3  4  ]
[ 9  6  5  7  ]
[ 13 10 12 8  ]
[ 0  11 14 15 ]

Step #40:
[ 1  2  3  4  ]
[ 9  6  5  7  ]
[ 0  10 12 8  ]
[ 13 11 14 15 ]

Step #41:
[ 1  2  3  4  ]
[ 0  6  5  7  ]
[ 9  10 12 8  ]
[ 13 11 14 15 ]

Step #42:
[ 1  2  3  4  ]
[ 6  0  5  7  ]
[ 9  10 12 8  ]
[ 13 11 14 15 ]

Step #43:
[ 1  2  3  4  ]
[ 6  5  0  7  ]
[ 9  10 12 8  ]
[ 13 11 14 15 ]

Step #44:
[ 1  2  3  4  ]
[ 6  5  7  0  ]
[ 9  10 12 8  ]
[ 13 11 14 15 ]

Step #45:
[ 1  2  3  4  ]
[ 6  5  7  8  ]
[ 9  10 12 0  ]
[ 13 11 14 15 ]

Step #46:
[ 1  2  3  4  ]
[ 6  5  7  8  ]
[ 9  10 0  12 ]
[ 13 11 14 15 ]

Step #47:
[ 1  2  3  4  ]
[ 6  5  7  8  ]
[ 9  0  10 12 ]
[ 13 11 14 15 ]

Step #48:
[ 1  2  3  4  ]
[ 6  5  7  8  ]
[ 9  11 10 12 ]
[ 13 0  14 15 ]

Step #49:
[ 1 2  3  4  ]
[ 6 5  7  8  ]
[ 9 11 10 12 ]
[ 0 13 14 15 ]

Step #50:
[ 1 2  3  4  ]
[ 6 5  7  8  ]
[ 0 11 10 12 ]
[ 9 13 14 15 ]

Step #51:
[ 1 2  3  4  ]
[ 0 5  7  8  ]
[ 6 11 10 12 ]
[ 9 13 14 15 ]

Step #52:
[ 1 2  3  4  ]
[ 5 0  7  8  ]
[ 6 11 10 12 ]
[ 9 13 14 15 ]

Step #53:
[ 1 2  3  4  ]
[ 5 11 7  8  ]
[ 6 0  10 12 ]
[ 9 13 14 15 ]

Step #54:
[ 1 2  3  4  ]
[ 5 11 7  8  ]
[ 0 6  10 12 ]
[ 9 13 14 15 ]

Step #55:
[ 1 2  3  4  ]
[ 5 11 7  8  ]
[ 9 6  10 12 ]
[ 0 13 14 15 ]

Step #56:
[ 1  2  3  4  ]
[ 5  11 7  8  ]
[ 9  6  10 12 ]
[ 13 0  14 15 ]

Step #57:
[ 1  2  3  4  ]
[ 5  11 7  8  ]
[ 9  6  10 12 ]
[ 13 14 0  15 ]

Step #58:
[ 1  2  3  4  ]
[ 5  11 7  8  ]
[ 9  6  10 12 ]
[ 13 14 15 0  ]

Step #59:
[ 1  2  3  4  ]
[ 5  11 7  8  ]
[ 9  6  10 0  ]
[ 13 14 15 12 ]

Step #60:
[ 1  2  3  4  ]
[ 5  11 7  0  ]
[ 9  6  10 8  ]
[ 13 14 15 12 ]

Step #61:
[ 1  2  3  4  ]
[ 5  11 0  7  ]
[ 9  6  10 8  ]
[ 13 14 15 12 ]

Step #62:
[ 1  2  3  4  ]
[ 5  0  11 7  ]
[ 9  6  10 8  ]
[ 13 14 15 12 ]

Step #63:
[ 1  2  3  4  ]
[ 5  6  11 7  ]
[ 9  0  10 8  ]
[ 13 14 15 12 ]

Step #64:
[ 1  2  3  4  ]
[ 5  6  11 7  ]
[ 9  10 0  8  ]
[ 13 14 15 12 ]

Step #65:
[ 1  2  3  4  ]
[ 5  6  0  7  ]
[ 9  10 11 8  ]
[ 13 14 15 12 ]

Step #66:
[ 1  2  3  4  ]
[ 5  6  7  0  ]
[ 9  10 11 8  ]
[ 13 14 15 12 ]

Step #67:
[ 1  2  3  4  ]
[ 5  6  7  8  ]
[ 9  10 11 0  ]
[ 13 14 15 12 ]

Step #68:
[ 1  2  3  4  ]
[ 5  6  7  8  ]
[ 9  10 11 12 ]
[ 13 14 15 0  ]

