Initial board:
[ 5  6  2  4  ]
[ 10 9  1  13 ]
[ 14 3  0  7  ]
[ 11 12 15 8  ]

Solution (total nodes 15427):
Step #1:
[ 5  6  2  4  ]
[ 10 9  1  13 ]
[ 14 0  3  7  ]
[ 11 12 15 8  ]

Step #2:
[ 5  6  2  4  ]
[ 10 9  1  13 ]
[ 0  14 3  7  ]
[ 11 12 15 8  ]

Step #3:
[ 5  6  2  4  ]
[ 0  9  1  13 ]
[ 10 14 3  7  ]
[ 11 12 15 8  ]

Step #4:
[ 5  6  2  4  ]
[ 9  0  1  13 ]
[ 10 14 3  7  ]
[ 11 12 15 8  ]

Step #5:
[ 5  6  2  4  ]
[ 9  1  0  13 ]
[ 10 14 3  7  ]
[ 11 12 15 8  ]

Step #6:
[ 5  6  2  4 ]
[ 9  1  13 0 ]
[ 10 14 3  7 ]
[ 11 12 15 8 ]

Step #7:
[ 5  6  2  4 ]
[ 9  1  13 7 ]
[ 10 14 3  0 ]
[ 11 12 15 8 ]

Step #8:
[ 5  6  2  4 ]
[ 9  1  13 7 ]
[ 10 14 3  8 ]
[ 11 12 15 0 ]

Step #9:
[ 5  6  2  4  ]
[ 9  1  13 7  ]
[ 10 14 3  8  ]
[ 11 12 0  15 ]

Step #10:
[ 5  6  2  4  ]
[ 9  1  13 7  ]
[ 10 14 3  8  ]
[ 11 0  12 15 ]

Step #11:
[ 5  6  2  4  ]
[ 9  1  13 7  ]
[ 10 0  3  8  ]
[ 11 14 12 15 ]

Step #12:
[ 5  6  2  4  ]
[ 9  1  13 7  ]
[ 0  10 3  8  ]
[ 11 14 12 15 ]

Step #13:
[ 5  6  2  4  ]
[ 0  1  13 7  ]
[ 9  10 3  8  ]
[ 11 14 12 15 ]

Step #14:
[ 5  6  2  4  ]
[ 1  0  13 7  ]
[ 9  10 3  8  ]
[ 11 14 12 15 ]

Step #15:
[ 5  6  2  4  ]
[ 1  13 0  7  ]
[ 9  10 3  8  ]
[ 11 14 12 15 ]

Step #16:
[ 5  6  2  4  ]
[ 1  13 3  7  ]
[ 9  10 0  8  ]
[ 11 14 12 15 ]

Step #17:
[ 5  6  2  4  ]
[ 1  13 3  7  ]
[ 9  0  10 8  ]
[ 11 14 12 15 ]

Step #18:
[ 5  6  2  4  ]
[ 1  0  3  7  ]
[ 9  13 10 8  ]
[ 11 14 12 15 ]

Step #19:
[ 5  0  2  4  ]
[ 1  6  3  7  ]
[ 9  13 10 8  ]
[ 11 14 12 15 ]

Step #20:
[ 0  5  2  4  ]
[ 1  6  3  7  ]
[ 9  13 10 8  ]
[ 11 14 12 15 ]

Step #21:
[ 1  5  2  4  ]
[ 0  6  3  7  ]
[ 9  13 10 8  ]
[ 11 14 12 15 ]

Step #22:
[ 1  5  2  4  ]
[ 6  0  3  7  ]
[ 9  13 10 8  ]
[ 11 14 12 15 ]

Step #23:
[ 1  0  2  4  ]
[ 6  5  3  7  ]
[ 9  13 10 8  ]
[ 11 14 12 15 ]

Step #24:
[ 1  2  0  4  ]
[ 6  5  3  7  ]
[ 9  13 10 8  ]
[ 11 14 12 15 ]

Step #25:
[ 1  2  3  4  ]
[ 6  5  0  7  ]
[ 9  13 10 8  ]
[ 11 14 12 15 ]

Step #26:
[ 1  2  3  4  ]
[ 6  5  7  0  ]
[ 9  13 10 8  ]
[ 11 14 12 15 ]

Step #27:
[ 1  2  3  4  ]
[ 6  5  7  8  ]
[ 9  13 10 0  ]
[ 11 14 12 15 ]

Step #28:
[ 1  2  3  4  ]
[ 6  5  7  8  ]
[ 9  13 10 15 ]
[ 11 14 12 0  ]

Step #29:
[ 1  2  3  4  ]
[ 6  5  7  8  ]
[ 9  13 10 15 ]
[ 11 14 0  12 ]

Step #30:
[ 1  2  3  4  ]
[ 6  5  7  8  ]
[ 9  13 10 15 ]
[ 11 0  14 12 ]

Step #31:
[ 1  2  3  4  ]
[ 6  5  7  8  ]
[ 9  0  10 15 ]
[ 11 13 14 12 ]

Step #32:
[ 1  2  3  4  ]
[ 6  0  7  8  ]
[ 9  5  10 15 ]
[ 11 13 14 12 ]

Step #33:
[ 1  2  3  4  ]
[ 0  6  7  8  ]
[ 9  5  10 15 ]
[ 11 13 14 12 ]

Step #34:
[ 1  2  3  4  ]
[ 9  6  7  8  ]
[ 0  5  10 15 ]
[ 11 13 14 12 ]

Step #35:
[ 1  2  3  4  ]
[ 9  6  7  8  ]
[ 11 5  10 15 ]
[ 0  13 14 12 ]

Step #36:
[ 1  2 3  4  ]
[ 9  6 7  8  ]
[ 11 5 10 15 ]
[ 13 0 14 12 ]

Step #37:
[ 1  2  3  4  ]
[ 9  6  7  8  ]
[ 11 5  10 15 ]
[ 13 14 0  12 ]

Step #38:
[ 1  2  3  4  ]
[ 9  6  7  8  ]
[ 11 5  0  15 ]
[ 13 14 10 12 ]

Step #39:
[ 1  2  3  4  ]
[ 9  6  7  8  ]
[ 11 5  15 0  ]
[ 13 14 10 12 ]

Step #40:
[ 1  2  3  4  ]
[ 9  6  7  8  ]
[ 11 5  15 12 ]
[ 13 14 10 0  ]

Step #41:
[ 1  2  3  4  ]
[ 9  6  7  8  ]
[ 11 5  15 12 ]
[ 13 14 0  10 ]

Step #42:
[ 1  2  3  4  ]
[ 9  6  7  8  ]
[ 11 5  0  12 ]
[ 13 14 15 10 ]

Step #43:
[ 1  2  3  4  ]
[ 9  6  0  8  ]
[ 11 5  7  12 ]
[ 13 14 15 10 ]

Step #44:
[ 1  2  3  4  ]
[ 9  0  6  8  ]
[ 11 5  7  12 ]
[ 13 14 15 10 ]

Step #45:
[ 1  2  3  4  ]
[ 9  5  6  8  ]
[ 11 0  7  12 ]
[ 13 14 15 10 ]

Step #46:
[ 1  2  3  4  ]
[ 9  5  6  8  ]
[ 0  11 7  12 ]
[ 13 14 15 10 ]

Step #47:
[ 1  2  3  4  ]
[ 0  5  6  8  ]
[ 9  11 7  12 ]
[ 13 14 15 10 ]

Step #48:
[ 1  2  3  4  ]
[ 5  0  6  8  ]
[ 9  11 7  12 ]
[ 13 14 15 10 ]

Step #49:
[ 1  2  3  4  ]
[ 5  6  0  8  ]
[ 9  11 7  12 ]
[ 13 14 15 10 ]

Step #50:
[ 1  2  3  4  ]
[ 5  6  7  8  ]
[ 9  11 0  12 ]
[ 13 14 15 10 ]

Step #51:
[ 1  2  3  4  ]
[ 5  6  7  8  ]
[ 9  0  11 12 ]
[ 13 14 15 10 ]

Step #52:
[ 1  2  3  4  ]
[ 5  6  7  8  ]
[ 9  14 11 12 ]
[ 13 0  15 10 ]

Step #53:
[ 1  2  3  4  ]
[ 5  6  7  8  ]
[ 9  14 11 12 ]
[ 13 15 0  10 ]

Step #54:
[ 1  2  3  4  ]
[ 5  6  7  8  ]
[ 9  14 11 12 ]
[ 13 15 10 0  ]

Step #55:
[ 1  2  3  4  ]
[ 5  6  7  8  ]
[ 9  14 11 0  ]
[ 13 15 10 12 ]

Step #56:
[ 1  2  3  4  ]
[ 5  6  7  8  ]
[ 9  14 0  11 ]
[ 13 15 10 12 ]

Step #57:
[ 1  2  3  4  ]
[ 5  6  7  8  ]
[ 9  14 10 11 ]
[ 13 15 0  12 ]

Step #58:
[ 1  2  3  4  ]
[ 5  6  7  8  ]
[ 9  14 10 11 ]
[ 13 0  15 12 ]

Step #59:
[ 1  2  3  4  ]
[ 5  6  7  8  ]
[ 9  0  10 11 ]
[ 13 14 15 12 ]

Step #60:
[ 1  2  3  4  ]
[ 5  6  7  8  ]
[ 9  10 0  11 ]
[ 13 14 15 12 ]

Step #61:
[ 1  2  3  4  ]
[ 5  6  7  8  ]
[ 9  10 11 0  ]
[ 13 14 15 12 ]

Step #62:
[ 1  2  3  4  ]
[ 5  6  7  8  ]
[ 9  10 11 12 ]
[ 13 14 15 0  ]

