Initial board:
[ 5  6  2  4  ]
[ 10 9  1  13 ]
[ 14 3  0  7  ]
[ 11 12 15 8  ]

Solution (total nodes 14223):
Step #1:
[ 5  6  2  4  ]
[ 10 9  1  13 ]
[ 14 0  3  7  ]
[ 11 12 15 8  ]

Step #2:
[ 5  6  2  4  ]
[ 10 9  1  13 ]
[ 0  14 3  7  ]
[ 11 12 15 8  ]

Step #3:
[ 5  6  2  4  ]
[ 0  9  1  13 ]
[ 10 14 3  7  ]
[ 11 12 15 8  ]

Step #4:
[ 5  6  2  4  ]
[ 9  0  1  13 ]
[ 10 14 3  7  ]
[ 11 12 15 8  ]

Step #5:
[ 5  6  2  4  ]
[ 9  1  0  13 ]
[ 10 14 3  7  ]
[ 11 12 15 8  ]

Step #6:
[ 5  6  2  4 ]
[ 9  1  13 0 ]
[ 10 14 3  7 ]
[ 11 12 15 8 ]

Step #7:
[ 5  6  2  4 ]
[ 9  1  13 7 ]
[ 10 14 3  0 ]
[ 11 12 15 8 ]

Step #8:
[ 5  6  2  4 ]
[ 9  1  13 7 ]
[ 10 14 3  8 ]
[ 11 12 15 0 ]

Step #9:
[ 5  6  2  4  ]
[ 9  1  13 7  ]
[ 10 14 3  8  ]
[ 11 12 0  15 ]

Step #10:
[ 5  6  2  4  ]
[ 9  1  13 7  ]
[ 10 14 3  8  ]
[ 11 0  12 15 ]

Step #11:
[ 5  6  2  4  ]
[ 9  1  13 7  ]
[ 10 14 3  8  ]
[ 0  11 12 15 ]

Step #12:
[ 5  6  2  4  ]
[ 9  1  13 7  ]
[ 0  14 3  8  ]
[ 10 11 12 15 ]

Step #13:
[ 5  6  2  4  ]
[ 0  1  13 7  ]
[ 9  14 3  8  ]
[ 10 11 12 15 ]

Step #14:
[ 5  6  2  4  ]
[ 1  0  13 7  ]
[ 9  14 3  8  ]
[ 10 11 12 15 ]

Step #15:
[ 5  6  2  4  ]
[ 1  13 0  7  ]
[ 9  14 3  8  ]
[ 10 11 12 15 ]

Step #16:
[ 5  6  2  4  ]
[ 1  13 3  7  ]
[ 9  14 0  8  ]
[ 10 11 12 15 ]

Step #17:
[ 5  6  2  4  ]
[ 1  13 3  7  ]
[ 9  14 12 8  ]
[ 10 11 0  15 ]

Step #18:
[ 5  6  2  4  ]
[ 1  13 3  7  ]
[ 9  14 12 8  ]
[ 10 0  11 15 ]

Step #19:
[ 5  6  2  4  ]
[ 1  13 3  7  ]
[ 9  0  12 8  ]
[ 10 14 11 15 ]

Step #20:
[ 5  6  2  4  ]
[ 1  0  3  7  ]
[ 9  13 12 8  ]
[ 10 14 11 15 ]

Step #21:
[ 5  0  2  4  ]
[ 1  6  3  7  ]
[ 9  13 12 8  ]
[ 10 14 11 15 ]

Step #22:
[ 0  5  2  4  ]
[ 1  6  3  7  ]
[ 9  13 12 8  ]
[ 10 14 11 15 ]

Step #23:
[ 1  5  2  4  ]
[ 0  6  3  7  ]
[ 9  13 12 8  ]
[ 10 14 11 15 ]

Step #24:
[ 1  5  2  4  ]
[ 9  6  3  7  ]
[ 0  13 12 8  ]
[ 10 14 11 15 ]

Step #25:
[ 1  5  2  4  ]
[ 9  6  3  7  ]
[ 13 0  12 8  ]
[ 10 14 11 15 ]

Step #26:
[ 1  5  2  4  ]
[ 9  0  3  7  ]
[ 13 6  12 8  ]
[ 10 14 11 15 ]

Step #27:
[ 1  0  2  4  ]
[ 9  5  3  7  ]
[ 13 6  12 8  ]
[ 10 14 11 15 ]

Step #28:
[ 1  2  0  4  ]
[ 9  5  3  7  ]
[ 13 6  12 8  ]
[ 10 14 11 15 ]

Step #29:
[ 1  2  3  4  ]
[ 9  5  0  7  ]
[ 13 6  12 8  ]
[ 10 14 11 15 ]

Step #30:
[ 1  2  3  4  ]
[ 9  5  7  0  ]
[ 13 6  12 8  ]
[ 10 14 11 15 ]

Step #31:
[ 1  2  3  4  ]
[ 9  5  7  8  ]
[ 13 6  12 0  ]
[ 10 14 11 15 ]

Step #32:
[ 1  2  3  4  ]
[ 9  5  7  8  ]
[ 13 6  0  12 ]
[ 10 14 11 15 ]

Step #33:
[ 1  2  3  4  ]
[ 9  5  7  8  ]
[ 13 6  11 12 ]
[ 10 14 0  15 ]

Step #34:
[ 1  2 3  4  ]
[ 9  5 7  8  ]
[ 13 6 11 12 ]
[ 10 0 14 15 ]

Step #35:
[ 1  2  3  4  ]
[ 9  5  7  8  ]
[ 13 6  11 12 ]
[ 0  10 14 15 ]

Step #36:
[ 1  2  3  4  ]
[ 9  5  7  8  ]
[ 0  6  11 12 ]
[ 13 10 14 15 ]

Step #37:
[ 1  2  3  4  ]
[ 0  5  7  8  ]
[ 9  6  11 12 ]
[ 13 10 14 15 ]

Step #38:
[ 1  2  3  4  ]
[ 5  0  7  8  ]
[ 9  6  11 12 ]
[ 13 10 14 15 ]

Step #39:
[ 1  2  3  4  ]
[ 5  6  7  8  ]
[ 9  0  11 12 ]
[ 13 10 14 15 ]

Step #40:
[ 1  2  3  4  ]
[ 5  6  7  8  ]
[ 9  10 11 12 ]
[ 13 0  14 15 ]

Step #41:
[ 1  2  3  4  ]
[ 5  6  7  8  ]
[ 9  10 11 12 ]
[ 13 14 0  15 ]

Step #42:
[ 1  2  3  4  ]
[ 5  6  7  8  ]
[ 9  10 11 12 ]
[ 13 14 15 0  ]

