Initial board:
[ 5  6  2  4  ]
[ 10 9  1  13 ]
[ 14 3  0  7  ]
[ 11 12 15 8  ]

Solution (total nodes 2755):
Step #1:
[ 5  6  2  4  ]
[ 10 9  1  13 ]
[ 14 0  3  7  ]
[ 11 12 15 8  ]

Step #2:
[ 5  6  2  4  ]
[ 10 9  1  13 ]
[ 0  14 3  7  ]
[ 11 12 15 8  ]

Step #3:
[ 5  6  2  4  ]
[ 0  9  1  13 ]
[ 10 14 3  7  ]
[ 11 12 15 8  ]

Step #4:
[ 5  6  2  4  ]
[ 9  0  1  13 ]
[ 10 14 3  7  ]
[ 11 12 15 8  ]

Step #5:
[ 5  6  2  4  ]
[ 9  1  0  13 ]
[ 10 14 3  7  ]
[ 11 12 15 8  ]

Step #6:
[ 5  6  2  4  ]
[ 9  1  3  13 ]
[ 10 14 0  7  ]
[ 11 12 15 8  ]

Step #7:
[ 5  6  2  4  ]
[ 9  1  3  13 ]
[ 10 14 7  0  ]
[ 11 12 15 8  ]

Step #8:
[ 5  6  2  4  ]
[ 9  1  3  0  ]
[ 10 14 7  13 ]
[ 11 12 15 8  ]

Step #9:
[ 5  6  2  4  ]
[ 9  1  0  3  ]
[ 10 14 7  13 ]
[ 11 12 15 8  ]

Step #10:
[ 5  6  2  4  ]
[ 9  1  7  3  ]
[ 10 14 0  13 ]
[ 11 12 15 8  ]

Step #11:
[ 5  6  2  4 ]
[ 9  1  7  3 ]
[ 10 14 13 0 ]
[ 11 12 15 8 ]

Step #12:
[ 5  6  2  4 ]
[ 9  1  7  3 ]
[ 10 14 13 8 ]
[ 11 12 15 0 ]

Step #13:
[ 5  6  2  4  ]
[ 9  1  7  3  ]
[ 10 14 13 8  ]
[ 11 12 0  15 ]

Step #14:
[ 5  6  2  4  ]
[ 9  1  7  3  ]
[ 10 14 13 8  ]
[ 11 0  12 15 ]

Step #15:
[ 5  6  2  4  ]
[ 9  1  7  3  ]
[ 10 0  13 8  ]
[ 11 14 12 15 ]

Step #16:
[ 5  6  2  4  ]
[ 9  1  7  3  ]
[ 10 13 0  8  ]
[ 11 14 12 15 ]

Step #17:
[ 5  6  2  4  ]
[ 9  1  7  3  ]
[ 10 13 12 8  ]
[ 11 14 0  15 ]

Step #18:
[ 5  6  2  4  ]
[ 9  1  7  3  ]
[ 10 13 12 8  ]
[ 11 0  14 15 ]

Step #19:
[ 5  6  2  4  ]
[ 9  1  7  3  ]
[ 10 13 12 8  ]
[ 0  11 14 15 ]

Step #20:
[ 5  6  2  4  ]
[ 9  1  7  3  ]
[ 0  13 12 8  ]
[ 10 11 14 15 ]

Step #21:
[ 5  6  2  4  ]
[ 9  1  7  3  ]
[ 13 0  12 8  ]
[ 10 11 14 15 ]

Step #22:
[ 5  6  2  4  ]
[ 9  1  7  3  ]
[ 13 11 12 8  ]
[ 10 0  14 15 ]

Step #23:
[ 5  6  2  4  ]
[ 9  1  7  3  ]
[ 13 11 12 8  ]
[ 0  10 14 15 ]

Step #24:
[ 5  6  2  4  ]
[ 9  1  7  3  ]
[ 0  11 12 8  ]
[ 13 10 14 15 ]

Step #25:
[ 5  6  2  4  ]
[ 0  1  7  3  ]
[ 9  11 12 8  ]
[ 13 10 14 15 ]

Step #26:
[ 0  6  2  4  ]
[ 5  1  7  3  ]
[ 9  11 12 8  ]
[ 13 10 14 15 ]

Step #27:
[ 6  0  2  4  ]
[ 5  1  7  3  ]
[ 9  11 12 8  ]
[ 13 10 14 15 ]

Step #28:
[ 6  1  2  4  ]
[ 5  0  7  3  ]
[ 9  11 12 8  ]
[ 13 10 14 15 ]

Step #29:
[ 6  1  2  4  ]
[ 5  7  0  3  ]
[ 9  11 12 8  ]
[ 13 10 14 15 ]

Step #30:
[ 6  1  2  4  ]
[ 5  7  3  0  ]
[ 9  11 12 8  ]
[ 13 10 14 15 ]

Step #31:
[ 6  1  2  4  ]
[ 5  7  3  8  ]
[ 9  11 12 0  ]
[ 13 10 14 15 ]

Step #32:
[ 6  1  2  4  ]
[ 5  7  3  8  ]
[ 9  11 0  12 ]
[ 13 10 14 15 ]

Step #33:
[ 6  1  2  4  ]
[ 5  7  3  8  ]
[ 9  0  11 12 ]
[ 13 10 14 15 ]

Step #34:
[ 6  1  2  4  ]
[ 5  7  3  8  ]
[ 0  9  11 12 ]
[ 13 10 14 15 ]

Step #35:
[ 6  1  2  4  ]
[ 0  7  3  8  ]
[ 5  9  11 12 ]
[ 13 10 14 15 ]

Step #36:
[ 0  1  2  4  ]
[ 6  7  3  8  ]
[ 5  9  11 12 ]
[ 13 10 14 15 ]

Step #37:
[ 1  0  2  4  ]
[ 6  7  3  8  ]
[ 5  9  11 12 ]
[ 13 10 14 15 ]

Step #38:
[ 1  2  0  4  ]
[ 6  7  3  8  ]
[ 5  9  11 12 ]
[ 13 10 14 15 ]

Step #39:
[ 1  2  3  4  ]
[ 6  7  0  8  ]
[ 5  9  11 12 ]
[ 13 10 14 15 ]

Step #40:
[ 1  2  3  4  ]
[ 6  0  7  8  ]
[ 5  9  11 12 ]
[ 13 10 14 15 ]

Step #41:
[ 1  2  3  4  ]
[ 0  6  7  8  ]
[ 5  9  11 12 ]
[ 13 10 14 15 ]

Step #42:
[ 1  2  3  4  ]
[ 5  6  7  8  ]
[ 0  9  11 12 ]
[ 13 10 14 15 ]

Step #43:
[ 1  2  3  4  ]
[ 5  6  7  8  ]
[ 9  0  11 12 ]
[ 13 10 14 15 ]

Step #44:
[ 1  2  3  4  ]
[ 5  6  7  8  ]
[ 9  10 11 12 ]
[ 13 0  14 15 ]

Step #45:
[ 1  2  3  4  ]
[ 5  6  7  8  ]
[ 9  10 11 12 ]
[ 13 14 0  15 ]

Step #46:
[ 1  2  3  4  ]
[ 5  6  7  8  ]
[ 9  10 11 12 ]
[ 13 14 15 0  ]

