Initial board:
[ 5  6  2  4  ]
[ 10 9  1  13 ]
[ 14 3  0  7  ]
[ 11 12 15 8  ]

Solution (total nodes 26861):
Step #1:
[ 5  6  2  4  ]
[ 10 9  1  13 ]
[ 14 0  3  7  ]
[ 11 12 15 8  ]

Step #2:
[ 5  6  2  4  ]
[ 10 0  1  13 ]
[ 14 9  3  7  ]
[ 11 12 15 8  ]

Step #3:
[ 5  6  2  4  ]
[ 10 1  0  13 ]
[ 14 9  3  7  ]
[ 11 12 15 8  ]

Step #4:
[ 5  6  2  4 ]
[ 10 1  13 0 ]
[ 14 9  3  7 ]
[ 11 12 15 8 ]

Step #5:
[ 5  6  2  4 ]
[ 10 1  13 7 ]
[ 14 9  3  0 ]
[ 11 12 15 8 ]

Step #6:
[ 5  6  2  4 ]
[ 10 1  13 7 ]
[ 14 9  3  8 ]
[ 11 12 15 0 ]

Step #7:
[ 5  6  2  4  ]
[ 10 1  13 7  ]
[ 14 9  3  8  ]
[ 11 12 0  15 ]

Step #8:
[ 5  6 2  4  ]
[ 10 1 13 7  ]
[ 14 9 3  8  ]
[ 11 0 12 15 ]

Step #9:
[ 5  6  2  4  ]
[ 10 1  13 7  ]
[ 14 9  3  8  ]
[ 0  11 12 15 ]

Step #10:
[ 5  6  2  4  ]
[ 10 1  13 7  ]
[ 0  9  3  8  ]
[ 14 11 12 15 ]

Step #11:
[ 5  6  2  4  ]
[ 0  1  13 7  ]
[ 10 9  3  8  ]
[ 14 11 12 15 ]

Step #12:
[ 0  6  2  4  ]
[ 5  1  13 7  ]
[ 10 9  3  8  ]
[ 14 11 12 15 ]

Step #13:
[ 6  0  2  4  ]
[ 5  1  13 7  ]
[ 10 9  3  8  ]
[ 14 11 12 15 ]

Step #14:
[ 6  1  2  4  ]
[ 5  0  13 7  ]
[ 10 9  3  8  ]
[ 14 11 12 15 ]

Step #15:
[ 6  1  2  4  ]
[ 5  13 0  7  ]
[ 10 9  3  8  ]
[ 14 11 12 15 ]

Step #16:
[ 6  1  2  4  ]
[ 5  13 3  7  ]
[ 10 9  0  8  ]
[ 14 11 12 15 ]

Step #17:
[ 6  1  2  4  ]
[ 5  13 3  7  ]
[ 10 9  12 8  ]
[ 14 11 0  15 ]

Step #18:
[ 6  1  2  4  ]
[ 5  13 3  7  ]
[ 10 9  12 8  ]
[ 14 0  11 15 ]

Step #19:
[ 6  1  2  4  ]
[ 5  13 3  7  ]
[ 10 9  12 8  ]
[ 0  14 11 15 ]

Step #20:
[ 6  1  2  4  ]
[ 5  13 3  7  ]
[ 0  9  12 8  ]
[ 10 14 11 15 ]

Step #21:
[ 6  1  2  4  ]
[ 0  13 3  7  ]
[ 5  9  12 8  ]
[ 10 14 11 15 ]

Step #22:
[ 0  1  2  4  ]
[ 6  13 3  7  ]
[ 5  9  12 8  ]
[ 10 14 11 15 ]

Step #23:
[ 1  0  2  4  ]
[ 6  13 3  7  ]
[ 5  9  12 8  ]
[ 10 14 11 15 ]

Step #24:
[ 1  2  0  4  ]
[ 6  13 3  7  ]
[ 5  9  12 8  ]
[ 10 14 11 15 ]

Step #25:
[ 1  2  3  4  ]
[ 6  13 0  7  ]
[ 5  9  12 8  ]
[ 10 14 11 15 ]

Step #26:
[ 1  2  3  4  ]
[ 6  13 7  0  ]
[ 5  9  12 8  ]
[ 10 14 11 15 ]

Step #27:
[ 1  2  3  4  ]
[ 6  13 7  8  ]
[ 5  9  12 0  ]
[ 10 14 11 15 ]

Step #28:
[ 1  2  3  4  ]
[ 6  13 7  8  ]
[ 5  9  0  12 ]
[ 10 14 11 15 ]

Step #29:
[ 1  2  3  4  ]
[ 6  13 7  8  ]
[ 5  0  9  12 ]
[ 10 14 11 15 ]

Step #30:
[ 1  2  3  4  ]
[ 6  0  7  8  ]
[ 5  13 9  12 ]
[ 10 14 11 15 ]

Step #31:
[ 1  2  3  4  ]
[ 0  6  7  8  ]
[ 5  13 9  12 ]
[ 10 14 11 15 ]

Step #32:
[ 1  2  3  4  ]
[ 5  6  7  8  ]
[ 0  13 9  12 ]
[ 10 14 11 15 ]

Step #33:
[ 1  2  3  4  ]
[ 5  6  7  8  ]
[ 13 0  9  12 ]
[ 10 14 11 15 ]

Step #34:
[ 1  2  3  4  ]
[ 5  6  7  8  ]
[ 13 9  0  12 ]
[ 10 14 11 15 ]

Step #35:
[ 1  2  3  4  ]
[ 5  6  7  8  ]
[ 13 9  11 12 ]
[ 10 14 0  15 ]

Step #36:
[ 1  2 3  4  ]
[ 5  6 7  8  ]
[ 13 9 11 12 ]
[ 10 0 14 15 ]

Step #37:
[ 1  2  3  4  ]
[ 5  6  7  8  ]
[ 13 9  11 12 ]
[ 0  10 14 15 ]

Step #38:
[ 1  2  3  4  ]
[ 5  6  7  8  ]
[ 0  9  11 12 ]
[ 13 10 14 15 ]

Step #39:
[ 1  2  3  4  ]
[ 5  6  7  8  ]
[ 9  0  11 12 ]
[ 13 10 14 15 ]

Step #40:
[ 1  2  3  4  ]
[ 5  6  7  8  ]
[ 9  10 11 12 ]
[ 13 0  14 15 ]

Step #41:
[ 1  2  3  4  ]
[ 5  6  7  8  ]
[ 9  10 11 12 ]
[ 13 14 0  15 ]

Step #42:
[ 1  2  3  4  ]
[ 5  6  7  8  ]
[ 9  10 11 12 ]
[ 13 14 15 0  ]

