Initial board:
[ 0  3  4  5  9  ]
[ 2  6  14 8  10 ]
[ 1  7  17 15 18 ]
[ 13 12 22 11 19 ]
[ 21 24 23 16 20 ]

Solution (total nodes 39712):
Step #1:
[ 2  3  4  5  9  ]
[ 0  6  14 8  10 ]
[ 1  7  17 15 18 ]
[ 13 12 22 11 19 ]
[ 21 24 23 16 20 ]

Step #2:
[ 2  3  4  5  9  ]
[ 6  0  14 8  10 ]
[ 1  7  17 15 18 ]
[ 13 12 22 11 19 ]
[ 21 24 23 16 20 ]

Step #3:
[ 2  3  4  5  9  ]
[ 6  7  14 8  10 ]
[ 1  0  17 15 18 ]
[ 13 12 22 11 19 ]
[ 21 24 23 16 20 ]

Step #4:
[ 2  3  4  5  9  ]
[ 6  7  14 8  10 ]
[ 1  17 0  15 18 ]
[ 13 12 22 11 19 ]
[ 21 24 23 16 20 ]

Step #5:
[ 2  3  4  5  9  ]
[ 6  7  0  8  10 ]
[ 1  17 14 15 18 ]
[ 13 12 22 11 19 ]
[ 21 24 23 16 20 ]

Step #6:
[ 2  3  4  5  9  ]
[ 6  7  8  0  10 ]
[ 1  17 14 15 18 ]
[ 13 12 22 11 19 ]
[ 21 24 23 16 20 ]

Step #7:
[ 2  3  4  5  9  ]
[ 6  7  8  10 0  ]
[ 1  17 14 15 18 ]
[ 13 12 22 11 19 ]
[ 21 24 23 16 20 ]

Step #8:
[ 2  3  4  5  0  ]
[ 6  7  8  10 9  ]
[ 1  17 14 15 18 ]
[ 13 12 22 11 19 ]
[ 21 24 23 16 20 ]

Step #9:
[ 2  3  4  0  5  ]
[ 6  7  8  10 9  ]
[ 1  17 14 15 18 ]
[ 13 12 22 11 19 ]
[ 21 24 23 16 20 ]

Step #10:
[ 2  3  0  4  5  ]
[ 6  7  8  10 9  ]
[ 1  17 14 15 18 ]
[ 13 12 22 11 19 ]
[ 21 24 23 16 20 ]

Step #11:
[ 2  0  3  4  5  ]
[ 6  7  8  10 9  ]
[ 1  17 14 15 18 ]
[ 13 12 22 11 19 ]
[ 21 24 23 16 20 ]

Step #12:
[ 0  2  3  4  5  ]
[ 6  7  8  10 9  ]
[ 1  17 14 15 18 ]
[ 13 12 22 11 19 ]
[ 21 24 23 16 20 ]

Step #13:
[ 6  2  3  4  5  ]
[ 0  7  8  10 9  ]
[ 1  17 14 15 18 ]
[ 13 12 22 11 19 ]
[ 21 24 23 16 20 ]

Step #14:
[ 6  2  3  4  5  ]
[ 1  7  8  10 9  ]
[ 0  17 14 15 18 ]
[ 13 12 22 11 19 ]
[ 21 24 23 16 20 ]

Step #15:
[ 6  2  3  4  5  ]
[ 1  7  8  10 9  ]
[ 13 17 14 15 18 ]
[ 0  12 22 11 19 ]
[ 21 24 23 16 20 ]

Step #16:
[ 6  2  3  4  5  ]
[ 1  7  8  10 9  ]
[ 13 17 14 15 18 ]
[ 12 0  22 11 19 ]
[ 21 24 23 16 20 ]

Step #17:
[ 6  2  3  4  5  ]
[ 1  7  8  10 9  ]
[ 13 17 14 15 18 ]
[ 12 22 0  11 19 ]
[ 21 24 23 16 20 ]

Step #18:
[ 6  2  3  4  5  ]
[ 1  7  8  10 9  ]
[ 13 17 14 15 18 ]
[ 12 22 11 0  19 ]
[ 21 24 23 16 20 ]

Step #19:
[ 6  2  3  4  5  ]
[ 1  7  8  10 9  ]
[ 13 17 14 15 18 ]
[ 12 22 11 19 0  ]
[ 21 24 23 16 20 ]

Step #20:
[ 6  2  3  4  5  ]
[ 1  7  8  10 9  ]
[ 13 17 14 15 0  ]
[ 12 22 11 19 18 ]
[ 21 24 23 16 20 ]

Step #21:
[ 6  2  3  4  5  ]
[ 1  7  8  10 9  ]
[ 13 17 14 0  15 ]
[ 12 22 11 19 18 ]
[ 21 24 23 16 20 ]

Step #22:
[ 6  2  3  4  5  ]
[ 1  7  8  10 9  ]
[ 13 17 0  14 15 ]
[ 12 22 11 19 18 ]
[ 21 24 23 16 20 ]

Step #23:
[ 6  2  3  4  5  ]
[ 1  7  8  10 9  ]
[ 13 17 11 14 15 ]
[ 12 22 0  19 18 ]
[ 21 24 23 16 20 ]

Step #24:
[ 6  2  3  4  5  ]
[ 1  7  8  10 9  ]
[ 13 17 11 14 15 ]
[ 12 22 23 19 18 ]
[ 21 24 0  16 20 ]

Step #25:
[ 6  2  3  4  5  ]
[ 1  7  8  10 9  ]
[ 13 17 11 14 15 ]
[ 12 22 23 19 18 ]
[ 21 0  24 16 20 ]

Step #26:
[ 6  2  3  4  5  ]
[ 1  7  8  10 9  ]
[ 13 17 11 14 15 ]
[ 12 0  23 19 18 ]
[ 21 22 24 16 20 ]

Step #27:
[ 6  2  3  4  5  ]
[ 1  7  8  10 9  ]
[ 13 0  11 14 15 ]
[ 12 17 23 19 18 ]
[ 21 22 24 16 20 ]

Step #28:
[ 6  2  3  4  5  ]
[ 1  7  8  10 9  ]
[ 0  13 11 14 15 ]
[ 12 17 23 19 18 ]
[ 21 22 24 16 20 ]

Step #29:
[ 6  2  3  4  5  ]
[ 1  7  8  10 9  ]
[ 12 13 11 14 15 ]
[ 0  17 23 19 18 ]
[ 21 22 24 16 20 ]

Step #30:
[ 6  2  3  4  5  ]
[ 1  7  8  10 9  ]
[ 12 13 11 14 15 ]
[ 17 0  23 19 18 ]
[ 21 22 24 16 20 ]

Step #31:
[ 6  2  3  4  5  ]
[ 1  7  8  10 9  ]
[ 12 0  11 14 15 ]
[ 17 13 23 19 18 ]
[ 21 22 24 16 20 ]

Step #32:
[ 6  2  3  4  5  ]
[ 1  7  8  10 9  ]
[ 12 11 0  14 15 ]
[ 17 13 23 19 18 ]
[ 21 22 24 16 20 ]

Step #33:
[ 6  2  3  4  5  ]
[ 1  7  8  10 9  ]
[ 12 11 23 14 15 ]
[ 17 13 0  19 18 ]
[ 21 22 24 16 20 ]

Step #34:
[ 6  2  3  4  5  ]
[ 1  7  8  10 9  ]
[ 12 11 23 14 15 ]
[ 17 0  13 19 18 ]
[ 21 22 24 16 20 ]

Step #35:
[ 6  2  3  4  5  ]
[ 1  7  8  10 9  ]
[ 12 11 23 14 15 ]
[ 0  17 13 19 18 ]
[ 21 22 24 16 20 ]

Step #36:
[ 6  2  3  4  5  ]
[ 1  7  8  10 9  ]
[ 0  11 23 14 15 ]
[ 12 17 13 19 18 ]
[ 21 22 24 16 20 ]

Step #37:
[ 6  2  3  4  5  ]
[ 1  7  8  10 9  ]
[ 11 0  23 14 15 ]
[ 12 17 13 19 18 ]
[ 21 22 24 16 20 ]

Step #38:
[ 6  2  3  4  5  ]
[ 1  7  8  10 9  ]
[ 11 23 0  14 15 ]
[ 12 17 13 19 18 ]
[ 21 22 24 16 20 ]

Step #39:
[ 6  2  3  4  5  ]
[ 1  7  8  10 9  ]
[ 11 23 13 14 15 ]
[ 12 17 0  19 18 ]
[ 21 22 24 16 20 ]

Step #40:
[ 6  2  3  4  5  ]
[ 1  7  8  10 9  ]
[ 11 23 13 14 15 ]
[ 12 17 19 0  18 ]
[ 21 22 24 16 20 ]

Step #41:
[ 6  2  3  4  5  ]
[ 1  7  8  10 9  ]
[ 11 23 13 14 15 ]
[ 12 17 19 16 18 ]
[ 21 22 24 0  20 ]

Step #42:
[ 6  2  3  4  5  ]
[ 1  7  8  10 9  ]
[ 11 23 13 14 15 ]
[ 12 17 19 16 18 ]
[ 21 22 0  24 20 ]

Step #43:
[ 6  2  3  4  5  ]
[ 1  7  8  10 9  ]
[ 11 23 13 14 15 ]
[ 12 17 0  16 18 ]
[ 21 22 19 24 20 ]

Step #44:
[ 6  2  3  4  5  ]
[ 1  7  8  10 9  ]
[ 11 23 13 14 15 ]
[ 12 17 16 0  18 ]
[ 21 22 19 24 20 ]

Step #45:
[ 6  2  3  4  5  ]
[ 1  7  8  10 9  ]
[ 11 23 13 14 15 ]
[ 12 17 16 18 0  ]
[ 21 22 19 24 20 ]

Step #46:
[ 6  2  3  4  5  ]
[ 1  7  8  10 9  ]
[ 11 23 13 14 15 ]
[ 12 17 16 18 20 ]
[ 21 22 19 24 0  ]

Step #47:
[ 6  2  3  4  5  ]
[ 1  7  8  10 9  ]
[ 11 23 13 14 15 ]
[ 12 17 16 18 20 ]
[ 21 22 19 0  24 ]

Step #48:
[ 6  2  3  4  5  ]
[ 1  7  8  10 9  ]
[ 11 23 13 14 15 ]
[ 12 17 16 18 20 ]
[ 21 22 0  19 24 ]

Step #49:
[ 6  2  3  4  5  ]
[ 1  7  8  10 9  ]
[ 11 23 13 14 15 ]
[ 12 17 0  18 20 ]
[ 21 22 16 19 24 ]

Step #50:
[ 6  2  3  4  5  ]
[ 1  7  8  10 9  ]
[ 11 23 13 14 15 ]
[ 12 17 18 0  20 ]
[ 21 22 16 19 24 ]

Step #51:
[ 6  2  3  4  5  ]
[ 1  7  8  10 9  ]
[ 11 23 13 14 15 ]
[ 12 17 18 19 20 ]
[ 21 22 16 0  24 ]

Step #52:
[ 6  2  3  4  5  ]
[ 1  7  8  10 9  ]
[ 11 23 13 14 15 ]
[ 12 17 18 19 20 ]
[ 21 22 16 24 0  ]

Step #53:
[ 6  2  3  4  5  ]
[ 1  7  8  10 9  ]
[ 11 23 13 14 15 ]
[ 12 17 18 19 0  ]
[ 21 22 16 24 20 ]

Step #54:
[ 6  2  3  4  5  ]
[ 1  7  8  10 9  ]
[ 11 23 13 14 0  ]
[ 12 17 18 19 15 ]
[ 21 22 16 24 20 ]

Step #55:
[ 6  2  3  4  5  ]
[ 1  7  8  10 0  ]
[ 11 23 13 14 9  ]
[ 12 17 18 19 15 ]
[ 21 22 16 24 20 ]

Step #56:
[ 6  2  3  4  5  ]
[ 1  7  8  0  10 ]
[ 11 23 13 14 9  ]
[ 12 17 18 19 15 ]
[ 21 22 16 24 20 ]

Step #57:
[ 6  2  3  4  5  ]
[ 1  7  8  14 10 ]
[ 11 23 13 0  9  ]
[ 12 17 18 19 15 ]
[ 21 22 16 24 20 ]

Step #58:
[ 6  2  3  4  5  ]
[ 1  7  8  14 10 ]
[ 11 23 13 9  0  ]
[ 12 17 18 19 15 ]
[ 21 22 16 24 20 ]

Step #59:
[ 6  2  3  4  5  ]
[ 1  7  8  14 10 ]
[ 11 23 13 9  15 ]
[ 12 17 18 19 0  ]
[ 21 22 16 24 20 ]

Step #60:
[ 6  2  3  4  5  ]
[ 1  7  8  14 10 ]
[ 11 23 13 9  15 ]
[ 12 17 18 0  19 ]
[ 21 22 16 24 20 ]

Step #61:
[ 6  2  3  4  5  ]
[ 1  7  8  14 10 ]
[ 11 23 13 9  15 ]
[ 12 17 0  18 19 ]
[ 21 22 16 24 20 ]

Step #62:
[ 6  2  3  4  5  ]
[ 1  7  8  14 10 ]
[ 11 23 13 9  15 ]
[ 12 17 16 18 19 ]
[ 21 22 0  24 20 ]

Step #63:
[ 6  2  3  4  5  ]
[ 1  7  8  14 10 ]
[ 11 23 13 9  15 ]
[ 12 17 16 18 19 ]
[ 21 0  22 24 20 ]

Step #64:
[ 6  2  3  4  5  ]
[ 1  7  8  14 10 ]
[ 11 23 13 9  15 ]
[ 12 0  16 18 19 ]
[ 21 17 22 24 20 ]

Step #65:
[ 6  2  3  4  5  ]
[ 1  7  8  14 10 ]
[ 11 23 13 9  15 ]
[ 12 16 0  18 19 ]
[ 21 17 22 24 20 ]

Step #66:
[ 6  2  3  4  5  ]
[ 1  7  8  14 10 ]
[ 11 23 13 9  15 ]
[ 12 16 18 0  19 ]
[ 21 17 22 24 20 ]

Step #67:
[ 6  2  3  4  5  ]
[ 1  7  8  14 10 ]
[ 11 23 13 9  15 ]
[ 12 16 18 19 0  ]
[ 21 17 22 24 20 ]

Step #68:
[ 6  2  3  4  5  ]
[ 1  7  8  14 10 ]
[ 11 23 13 9  0  ]
[ 12 16 18 19 15 ]
[ 21 17 22 24 20 ]

Step #69:
[ 6  2  3  4  5  ]
[ 1  7  8  14 10 ]
[ 11 23 13 0  9  ]
[ 12 16 18 19 15 ]
[ 21 17 22 24 20 ]

Step #70:
[ 6  2  3  4  5  ]
[ 1  7  8  0  10 ]
[ 11 23 13 14 9  ]
[ 12 16 18 19 15 ]
[ 21 17 22 24 20 ]

Step #71:
[ 6  2  3  4  5  ]
[ 1  7  8  10 0  ]
[ 11 23 13 14 9  ]
[ 12 16 18 19 15 ]
[ 21 17 22 24 20 ]

Step #72:
[ 6  2  3  4  5  ]
[ 1  7  8  10 9  ]
[ 11 23 13 14 0  ]
[ 12 16 18 19 15 ]
[ 21 17 22 24 20 ]

Step #73:
[ 6  2  3  4  5  ]
[ 1  7  8  10 9  ]
[ 11 23 13 14 15 ]
[ 12 16 18 19 0  ]
[ 21 17 22 24 20 ]

Step #74:
[ 6  2  3  4  5  ]
[ 1  7  8  10 9  ]
[ 11 23 13 14 15 ]
[ 12 16 18 19 20 ]
[ 21 17 22 24 0  ]

Step #75:
[ 6  2  3  4  5  ]
[ 1  7  8  10 9  ]
[ 11 23 13 14 15 ]
[ 12 16 18 19 20 ]
[ 21 17 22 0  24 ]

Step #76:
[ 6  2  3  4  5  ]
[ 1  7  8  10 9  ]
[ 11 23 13 14 15 ]
[ 12 16 18 0  20 ]
[ 21 17 22 19 24 ]

Step #77:
[ 6  2  3  4  5  ]
[ 1  7  8  10 9  ]
[ 11 23 13 14 15 ]
[ 12 16 0  18 20 ]
[ 21 17 22 19 24 ]

Step #78:
[ 6  2  3  4  5  ]
[ 1  7  8  10 9  ]
[ 11 23 0  14 15 ]
[ 12 16 13 18 20 ]
[ 21 17 22 19 24 ]

Step #79:
[ 6  2  3  4  5  ]
[ 1  7  8  10 9  ]
[ 11 0  23 14 15 ]
[ 12 16 13 18 20 ]
[ 21 17 22 19 24 ]

Step #80:
[ 6  2  3  4  5  ]
[ 1  7  8  10 9  ]
[ 0  11 23 14 15 ]
[ 12 16 13 18 20 ]
[ 21 17 22 19 24 ]

Step #81:
[ 6  2  3  4  5  ]
[ 1  7  8  10 9  ]
[ 12 11 23 14 15 ]
[ 0  16 13 18 20 ]
[ 21 17 22 19 24 ]

Step #82:
[ 6  2  3  4  5  ]
[ 1  7  8  10 9  ]
[ 12 11 23 14 15 ]
[ 16 0  13 18 20 ]
[ 21 17 22 19 24 ]

Step #83:
[ 6  2  3  4  5  ]
[ 1  7  8  10 9  ]
[ 12 11 23 14 15 ]
[ 16 17 13 18 20 ]
[ 21 0  22 19 24 ]

Step #84:
[ 6  2  3  4  5  ]
[ 1  7  8  10 9  ]
[ 12 11 23 14 15 ]
[ 16 17 13 18 20 ]
[ 21 22 0  19 24 ]

Step #85:
[ 6  2  3  4  5  ]
[ 1  7  8  10 9  ]
[ 12 11 23 14 15 ]
[ 16 17 0  18 20 ]
[ 21 22 13 19 24 ]

Step #86:
[ 6  2  3  4  5  ]
[ 1  7  8  10 9  ]
[ 12 11 23 14 15 ]
[ 16 17 18 0  20 ]
[ 21 22 13 19 24 ]

Step #87:
[ 6  2  3  4  5  ]
[ 1  7  8  10 9  ]
[ 12 11 23 14 15 ]
[ 16 17 18 19 20 ]
[ 21 22 13 0  24 ]

Step #88:
[ 6  2  3  4  5  ]
[ 1  7  8  10 9  ]
[ 12 11 23 14 15 ]
[ 16 17 18 19 20 ]
[ 21 22 13 24 0  ]

Step #89:
[ 6  2  3  4  5  ]
[ 1  7  8  10 9  ]
[ 12 11 23 14 15 ]
[ 16 17 18 19 0  ]
[ 21 22 13 24 20 ]

Step #90:
[ 6  2  3  4  5  ]
[ 1  7  8  10 9  ]
[ 12 11 23 14 0  ]
[ 16 17 18 19 15 ]
[ 21 22 13 24 20 ]

Step #91:
[ 6  2  3  4  5  ]
[ 1  7  8  10 0  ]
[ 12 11 23 14 9  ]
[ 16 17 18 19 15 ]
[ 21 22 13 24 20 ]

Step #92:
[ 6  2  3  4  5  ]
[ 1  7  8  0  10 ]
[ 12 11 23 14 9  ]
[ 16 17 18 19 15 ]
[ 21 22 13 24 20 ]

Step #93:
[ 6  2  3  4  5  ]
[ 1  7  8  14 10 ]
[ 12 11 23 0  9  ]
[ 16 17 18 19 15 ]
[ 21 22 13 24 20 ]

Step #94:
[ 6  2  3  4  5  ]
[ 1  7  8  14 10 ]
[ 12 11 23 9  0  ]
[ 16 17 18 19 15 ]
[ 21 22 13 24 20 ]

Step #95:
[ 6  2  3  4  5  ]
[ 1  7  8  14 10 ]
[ 12 11 23 9  15 ]
[ 16 17 18 19 0  ]
[ 21 22 13 24 20 ]

Step #96:
[ 6  2  3  4  5  ]
[ 1  7  8  14 10 ]
[ 12 11 23 9  15 ]
[ 16 17 18 19 20 ]
[ 21 22 13 24 0  ]

Step #97:
[ 6  2  3  4  5  ]
[ 1  7  8  14 10 ]
[ 12 11 23 9  15 ]
[ 16 17 18 19 20 ]
[ 21 22 13 0  24 ]

Step #98:
[ 6  2  3  4  5  ]
[ 1  7  8  14 10 ]
[ 12 11 23 9  15 ]
[ 16 17 18 0  20 ]
[ 21 22 13 19 24 ]

Step #99:
[ 6  2  3  4  5  ]
[ 1  7  8  14 10 ]
[ 12 11 23 9  15 ]
[ 16 17 0  18 20 ]
[ 21 22 13 19 24 ]

Step #100:
[ 6  2  3  4  5  ]
[ 1  7  8  14 10 ]
[ 12 11 0  9  15 ]
[ 16 17 23 18 20 ]
[ 21 22 13 19 24 ]

Step #101:
[ 6  2  3  4  5  ]
[ 1  7  8  14 10 ]
[ 12 11 9  0  15 ]
[ 16 17 23 18 20 ]
[ 21 22 13 19 24 ]

Step #102:
[ 6  2  3  4  5  ]
[ 1  7  8  0  10 ]
[ 12 11 9  14 15 ]
[ 16 17 23 18 20 ]
[ 21 22 13 19 24 ]

Step #103:
[ 6  2  3  4  5  ]
[ 1  7  0  8  10 ]
[ 12 11 9  14 15 ]
[ 16 17 23 18 20 ]
[ 21 22 13 19 24 ]

Step #104:
[ 6  2  3  4  5  ]
[ 1  7  9  8  10 ]
[ 12 11 0  14 15 ]
[ 16 17 23 18 20 ]
[ 21 22 13 19 24 ]

Step #105:
[ 6  2  3  4  5  ]
[ 1  7  9  8  10 ]
[ 12 11 14 0  15 ]
[ 16 17 23 18 20 ]
[ 21 22 13 19 24 ]

Step #106:
[ 6  2  3  4  5  ]
[ 1  7  9  0  10 ]
[ 12 11 14 8  15 ]
[ 16 17 23 18 20 ]
[ 21 22 13 19 24 ]

Step #107:
[ 6  2  3  4  5  ]
[ 1  7  0  9  10 ]
[ 12 11 14 8  15 ]
[ 16 17 23 18 20 ]
[ 21 22 13 19 24 ]

Step #108:
[ 6  2  3  4  5  ]
[ 1  7  14 9  10 ]
[ 12 11 0  8  15 ]
[ 16 17 23 18 20 ]
[ 21 22 13 19 24 ]

Step #109:
[ 6  2  3  4  5  ]
[ 1  7  14 9  10 ]
[ 12 11 8  0  15 ]
[ 16 17 23 18 20 ]
[ 21 22 13 19 24 ]

Step #110:
[ 6  2  3  4  5  ]
[ 1  7  14 9  10 ]
[ 12 11 8  18 15 ]
[ 16 17 23 0  20 ]
[ 21 22 13 19 24 ]

Step #111:
[ 6  2  3  4  5  ]
[ 1  7  14 9  10 ]
[ 12 11 8  18 15 ]
[ 16 17 23 19 20 ]
[ 21 22 13 0  24 ]

Step #112:
[ 6  2  3  4  5  ]
[ 1  7  14 9  10 ]
[ 12 11 8  18 15 ]
[ 16 17 23 19 20 ]
[ 21 22 0  13 24 ]

Step #113:
[ 6  2  3  4  5  ]
[ 1  7  14 9  10 ]
[ 12 11 8  18 15 ]
[ 16 17 0  19 20 ]
[ 21 22 23 13 24 ]

Step #114:
[ 6  2  3  4  5  ]
[ 1  7  14 9  10 ]
[ 12 11 8  18 15 ]
[ 16 17 19 0  20 ]
[ 21 22 23 13 24 ]

Step #115:
[ 6  2  3  4  5  ]
[ 1  7  14 9  10 ]
[ 12 11 8  0  15 ]
[ 16 17 19 18 20 ]
[ 21 22 23 13 24 ]

Step #116:
[ 6  2  3  4  5  ]
[ 1  7  14 9  10 ]
[ 12 11 0  8  15 ]
[ 16 17 19 18 20 ]
[ 21 22 23 13 24 ]

Step #117:
[ 6  2  3  4  5  ]
[ 1  7  0  9  10 ]
[ 12 11 14 8  15 ]
[ 16 17 19 18 20 ]
[ 21 22 23 13 24 ]

Step #118:
[ 6  2  3  4  5  ]
[ 1  7  9  0  10 ]
[ 12 11 14 8  15 ]
[ 16 17 19 18 20 ]
[ 21 22 23 13 24 ]

Step #119:
[ 6  2  3  4  5  ]
[ 1  7  9  8  10 ]
[ 12 11 14 0  15 ]
[ 16 17 19 18 20 ]
[ 21 22 23 13 24 ]

Step #120:
[ 6  2  3  4  5  ]
[ 1  7  9  8  10 ]
[ 12 11 0  14 15 ]
[ 16 17 19 18 20 ]
[ 21 22 23 13 24 ]

Step #121:
[ 6  2  3  4  5  ]
[ 1  7  0  8  10 ]
[ 12 11 9  14 15 ]
[ 16 17 19 18 20 ]
[ 21 22 23 13 24 ]

Step #122:
[ 6  2  3  4  5  ]
[ 1  7  8  0  10 ]
[ 12 11 9  14 15 ]
[ 16 17 19 18 20 ]
[ 21 22 23 13 24 ]

Step #123:
[ 6  2  3  4  5  ]
[ 1  7  8  14 10 ]
[ 12 11 9  0  15 ]
[ 16 17 19 18 20 ]
[ 21 22 23 13 24 ]

Step #124:
[ 6  2  3  4  5  ]
[ 1  7  8  14 10 ]
[ 12 11 0  9  15 ]
[ 16 17 19 18 20 ]
[ 21 22 23 13 24 ]

Step #125:
[ 6  2  3  4  5  ]
[ 1  7  8  14 10 ]
[ 12 11 19 9  15 ]
[ 16 17 0  18 20 ]
[ 21 22 23 13 24 ]

Step #126:
[ 6  2  3  4  5  ]
[ 1  7  8  14 10 ]
[ 12 11 19 9  15 ]
[ 16 17 18 0  20 ]
[ 21 22 23 13 24 ]

Step #127:
[ 6  2  3  4  5  ]
[ 1  7  8  14 10 ]
[ 12 11 19 9  15 ]
[ 16 17 18 13 20 ]
[ 21 22 23 0  24 ]

Step #128:
[ 6  2  3  4  5  ]
[ 1  7  8  14 10 ]
[ 12 11 19 9  15 ]
[ 16 17 18 13 20 ]
[ 21 22 0  23 24 ]

Step #129:
[ 6  2  3  4  5  ]
[ 1  7  8  14 10 ]
[ 12 11 19 9  15 ]
[ 16 17 0  13 20 ]
[ 21 22 18 23 24 ]

Step #130:
[ 6  2  3  4  5  ]
[ 1  7  8  14 10 ]
[ 12 11 0  9  15 ]
[ 16 17 19 13 20 ]
[ 21 22 18 23 24 ]

Step #131:
[ 6  2  3  4  5  ]
[ 1  7  8  14 10 ]
[ 12 11 9  0  15 ]
[ 16 17 19 13 20 ]
[ 21 22 18 23 24 ]

Step #132:
[ 6  2  3  4  5  ]
[ 1  7  8  14 10 ]
[ 12 11 9  13 15 ]
[ 16 17 19 0  20 ]
[ 21 22 18 23 24 ]

Step #133:
[ 6  2  3  4  5  ]
[ 1  7  8  14 10 ]
[ 12 11 9  13 15 ]
[ 16 17 0  19 20 ]
[ 21 22 18 23 24 ]

Step #134:
[ 6  2  3  4  5  ]
[ 1  7  8  14 10 ]
[ 12 11 9  13 15 ]
[ 16 17 18 19 20 ]
[ 21 22 0  23 24 ]

Step #135:
[ 6  2  3  4  5  ]
[ 1  7  8  14 10 ]
[ 12 11 9  13 15 ]
[ 16 17 18 19 20 ]
[ 21 22 23 0  24 ]

Step #136:
[ 6  2  3  4  5  ]
[ 1  7  8  14 10 ]
[ 12 11 9  13 15 ]
[ 16 17 18 19 20 ]
[ 21 22 23 24 0  ]

Step #137:
[ 6  2  3  4  5  ]
[ 1  7  8  14 10 ]
[ 12 11 9  13 15 ]
[ 16 17 18 19 0  ]
[ 21 22 23 24 20 ]

Step #138:
[ 6  2  3  4  5  ]
[ 1  7  8  14 10 ]
[ 12 11 9  13 15 ]
[ 16 17 18 0  19 ]
[ 21 22 23 24 20 ]

Step #139:
[ 6  2  3  4  5  ]
[ 1  7  8  14 10 ]
[ 12 11 9  0  15 ]
[ 16 17 18 13 19 ]
[ 21 22 23 24 20 ]

Step #140:
[ 6  2  3  4  5  ]
[ 1  7  8  14 10 ]
[ 12 11 0  9  15 ]
[ 16 17 18 13 19 ]
[ 21 22 23 24 20 ]

Step #141:
[ 6  2  3  4  5  ]
[ 1  7  8  14 10 ]
[ 12 11 18 9  15 ]
[ 16 17 0  13 19 ]
[ 21 22 23 24 20 ]

Step #142:
[ 6  2  3  4  5  ]
[ 1  7  8  14 10 ]
[ 12 11 18 9  15 ]
[ 16 17 13 0  19 ]
[ 21 22 23 24 20 ]

Step #143:
[ 6  2  3  4  5  ]
[ 1  7  8  14 10 ]
[ 12 11 18 9  15 ]
[ 16 17 13 19 0  ]
[ 21 22 23 24 20 ]

Step #144:
[ 6  2  3  4  5  ]
[ 1  7  8  14 10 ]
[ 12 11 18 9  0  ]
[ 16 17 13 19 15 ]
[ 21 22 23 24 20 ]

Step #145:
[ 6  2  3  4  5  ]
[ 1  7  8  14 10 ]
[ 12 11 18 0  9  ]
[ 16 17 13 19 15 ]
[ 21 22 23 24 20 ]

Step #146:
[ 6  2  3  4  5  ]
[ 1  7  8  0  10 ]
[ 12 11 18 14 9  ]
[ 16 17 13 19 15 ]
[ 21 22 23 24 20 ]

Step #147:
[ 6  2  3  4  5  ]
[ 1  7  8  10 0  ]
[ 12 11 18 14 9  ]
[ 16 17 13 19 15 ]
[ 21 22 23 24 20 ]

Step #148:
[ 6  2  3  4  5  ]
[ 1  7  8  10 9  ]
[ 12 11 18 14 0  ]
[ 16 17 13 19 15 ]
[ 21 22 23 24 20 ]

Step #149:
[ 6  2  3  4  5  ]
[ 1  7  8  10 9  ]
[ 12 11 18 14 15 ]
[ 16 17 13 19 0  ]
[ 21 22 23 24 20 ]

Step #150:
[ 6  2  3  4  5  ]
[ 1  7  8  10 9  ]
[ 12 11 18 14 15 ]
[ 16 17 13 0  19 ]
[ 21 22 23 24 20 ]

Step #151:
[ 6  2  3  4  5  ]
[ 1  7  8  10 9  ]
[ 12 11 18 14 15 ]
[ 16 17 0  13 19 ]
[ 21 22 23 24 20 ]

Step #152:
[ 6  2  3  4  5  ]
[ 1  7  8  10 9  ]
[ 12 11 0  14 15 ]
[ 16 17 18 13 19 ]
[ 21 22 23 24 20 ]

Step #153:
[ 6  2  3  4  5  ]
[ 1  7  8  10 9  ]
[ 12 11 14 0  15 ]
[ 16 17 18 13 19 ]
[ 21 22 23 24 20 ]

Step #154:
[ 6  2  3  4  5  ]
[ 1  7  8  10 9  ]
[ 12 11 14 13 15 ]
[ 16 17 18 0  19 ]
[ 21 22 23 24 20 ]

Step #155:
[ 6  2  3  4  5  ]
[ 1  7  8  10 9  ]
[ 12 11 14 13 15 ]
[ 16 17 18 19 0  ]
[ 21 22 23 24 20 ]

Step #156:
[ 6  2  3  4  5  ]
[ 1  7  8  10 9  ]
[ 12 11 14 13 0  ]
[ 16 17 18 19 15 ]
[ 21 22 23 24 20 ]

Step #157:
[ 6  2  3  4  5  ]
[ 1  7  8  10 0  ]
[ 12 11 14 13 9  ]
[ 16 17 18 19 15 ]
[ 21 22 23 24 20 ]

Step #158:
[ 6  2  3  4  5  ]
[ 1  7  8  0  10 ]
[ 12 11 14 13 9  ]
[ 16 17 18 19 15 ]
[ 21 22 23 24 20 ]

Step #159:
[ 6  2  3  4  5  ]
[ 1  7  8  13 10 ]
[ 12 11 14 0  9  ]
[ 16 17 18 19 15 ]
[ 21 22 23 24 20 ]

Step #160:
[ 6  2  3  4  5  ]
[ 1  7  8  13 10 ]
[ 12 11 14 9  0  ]
[ 16 17 18 19 15 ]
[ 21 22 23 24 20 ]

Step #161:
[ 6  2  3  4  5  ]
[ 1  7  8  13 0  ]
[ 12 11 14 9  10 ]
[ 16 17 18 19 15 ]
[ 21 22 23 24 20 ]

Step #162:
[ 6  2  3  4  5  ]
[ 1  7  8  0  13 ]
[ 12 11 14 9  10 ]
[ 16 17 18 19 15 ]
[ 21 22 23 24 20 ]

Step #163:
[ 6  2  3  4  5  ]
[ 1  7  8  9  13 ]
[ 12 11 14 0  10 ]
[ 16 17 18 19 15 ]
[ 21 22 23 24 20 ]

Step #164:
[ 6  2  3  4  5  ]
[ 1  7  8  9  13 ]
[ 12 11 0  14 10 ]
[ 16 17 18 19 15 ]
[ 21 22 23 24 20 ]

Step #165:
[ 6  2  3  4  5  ]
[ 1  7  0  9  13 ]
[ 12 11 8  14 10 ]
[ 16 17 18 19 15 ]
[ 21 22 23 24 20 ]

Step #166:
[ 6  2  3  4  5  ]
[ 1  7  9  0  13 ]
[ 12 11 8  14 10 ]
[ 16 17 18 19 15 ]
[ 21 22 23 24 20 ]

Step #167:
[ 6  2  3  4  5  ]
[ 1  7  9  13 0  ]
[ 12 11 8  14 10 ]
[ 16 17 18 19 15 ]
[ 21 22 23 24 20 ]

Step #168:
[ 6  2  3  4  5  ]
[ 1  7  9  13 10 ]
[ 12 11 8  14 0  ]
[ 16 17 18 19 15 ]
[ 21 22 23 24 20 ]

Step #169:
[ 6  2  3  4  5  ]
[ 1  7  9  13 10 ]
[ 12 11 8  14 15 ]
[ 16 17 18 19 0  ]
[ 21 22 23 24 20 ]

Step #170:
[ 6  2  3  4  5  ]
[ 1  7  9  13 10 ]
[ 12 11 8  14 15 ]
[ 16 17 18 0  19 ]
[ 21 22 23 24 20 ]

Step #171:
[ 6  2  3  4  5  ]
[ 1  7  9  13 10 ]
[ 12 11 8  0  15 ]
[ 16 17 18 14 19 ]
[ 21 22 23 24 20 ]

Step #172:
[ 6  2  3  4  5  ]
[ 1  7  9  0  10 ]
[ 12 11 8  13 15 ]
[ 16 17 18 14 19 ]
[ 21 22 23 24 20 ]

Step #173:
[ 6  2  3  4  5  ]
[ 1  7  0  9  10 ]
[ 12 11 8  13 15 ]
[ 16 17 18 14 19 ]
[ 21 22 23 24 20 ]

Step #174:
[ 6  2  3  4  5  ]
[ 1  7  8  9  10 ]
[ 12 11 0  13 15 ]
[ 16 17 18 14 19 ]
[ 21 22 23 24 20 ]

Step #175:
[ 6  2  3  4  5  ]
[ 1  7  8  9  10 ]
[ 12 11 13 0  15 ]
[ 16 17 18 14 19 ]
[ 21 22 23 24 20 ]

Step #176:
[ 6  2  3  4  5  ]
[ 1  7  8  9  10 ]
[ 12 11 13 14 15 ]
[ 16 17 18 0  19 ]
[ 21 22 23 24 20 ]

Step #177:
[ 6  2  3  4  5  ]
[ 1  7  8  9  10 ]
[ 12 11 13 14 15 ]
[ 16 17 18 19 0  ]
[ 21 22 23 24 20 ]

Step #178:
[ 6  2  3  4  5  ]
[ 1  7  8  9  10 ]
[ 12 11 13 14 15 ]
[ 16 17 18 19 20 ]
[ 21 22 23 24 0  ]

Step #179:
[ 6  2  3  4  5  ]
[ 1  7  8  9  10 ]
[ 12 11 13 14 15 ]
[ 16 17 18 19 20 ]
[ 21 22 23 0  24 ]

Step #180:
[ 6  2  3  4  5  ]
[ 1  7  8  9  10 ]
[ 12 11 13 14 15 ]
[ 16 17 18 19 20 ]
[ 21 22 0  23 24 ]

Step #181:
[ 6  2  3  4  5  ]
[ 1  7  8  9  10 ]
[ 12 11 13 14 15 ]
[ 16 17 18 19 20 ]
[ 21 0  22 23 24 ]

Step #182:
[ 6  2  3  4  5  ]
[ 1  7  8  9  10 ]
[ 12 11 13 14 15 ]
[ 16 17 18 19 20 ]
[ 0  21 22 23 24 ]

Step #183:
[ 6  2  3  4  5  ]
[ 1  7  8  9  10 ]
[ 12 11 13 14 15 ]
[ 0  17 18 19 20 ]
[ 16 21 22 23 24 ]

Step #184:
[ 6  2  3  4  5  ]
[ 1  7  8  9  10 ]
[ 0  11 13 14 15 ]
[ 12 17 18 19 20 ]
[ 16 21 22 23 24 ]

Step #185:
[ 6  2  3  4  5  ]
[ 1  7  8  9  10 ]
[ 11 0  13 14 15 ]
[ 12 17 18 19 20 ]
[ 16 21 22 23 24 ]

Step #186:
[ 6  2  3  4  5  ]
[ 1  7  8  9  10 ]
[ 11 17 13 14 15 ]
[ 12 0  18 19 20 ]
[ 16 21 22 23 24 ]

Step #187:
[ 6  2  3  4  5  ]
[ 1  7  8  9  10 ]
[ 11 17 13 14 15 ]
[ 0  12 18 19 20 ]
[ 16 21 22 23 24 ]

Step #188:
[ 6  2  3  4  5  ]
[ 1  7  8  9  10 ]
[ 11 17 13 14 15 ]
[ 16 12 18 19 20 ]
[ 0  21 22 23 24 ]

Step #189:
[ 6  2  3  4  5  ]
[ 1  7  8  9  10 ]
[ 11 17 13 14 15 ]
[ 16 12 18 19 20 ]
[ 21 0  22 23 24 ]

Step #190:
[ 6  2  3  4  5  ]
[ 1  7  8  9  10 ]
[ 11 17 13 14 15 ]
[ 16 12 18 19 20 ]
[ 21 22 0  23 24 ]

Step #191:
[ 6  2  3  4  5  ]
[ 1  7  8  9  10 ]
[ 11 17 13 14 15 ]
[ 16 12 18 19 20 ]
[ 21 22 23 0  24 ]

Step #192:
[ 6  2  3  4  5  ]
[ 1  7  8  9  10 ]
[ 11 17 13 14 15 ]
[ 16 12 18 19 20 ]
[ 21 22 23 24 0  ]

Step #193:
[ 6  2  3  4  5  ]
[ 1  7  8  9  10 ]
[ 11 17 13 14 15 ]
[ 16 12 18 19 0  ]
[ 21 22 23 24 20 ]

Step #194:
[ 6  2  3  4  5  ]
[ 1  7  8  9  10 ]
[ 11 17 13 14 15 ]
[ 16 12 18 0  19 ]
[ 21 22 23 24 20 ]

Step #195:
[ 6  2  3  4  5  ]
[ 1  7  8  9  10 ]
[ 11 17 13 14 15 ]
[ 16 12 0  18 19 ]
[ 21 22 23 24 20 ]

Step #196:
[ 6  2  3  4  5  ]
[ 1  7  8  9  10 ]
[ 11 17 13 14 15 ]
[ 16 0  12 18 19 ]
[ 21 22 23 24 20 ]

Step #197:
[ 6  2  3  4  5  ]
[ 1  7  8  9  10 ]
[ 11 0  13 14 15 ]
[ 16 17 12 18 19 ]
[ 21 22 23 24 20 ]

Step #198:
[ 6  2  3  4  5  ]
[ 1  7  8  9  10 ]
[ 11 13 0  14 15 ]
[ 16 17 12 18 19 ]
[ 21 22 23 24 20 ]

Step #199:
[ 6  2  3  4  5  ]
[ 1  7  8  9  10 ]
[ 11 13 12 14 15 ]
[ 16 17 0  18 19 ]
[ 21 22 23 24 20 ]

Step #200:
[ 6  2  3  4  5  ]
[ 1  7  8  9  10 ]
[ 11 13 12 14 15 ]
[ 16 17 18 0  19 ]
[ 21 22 23 24 20 ]

Step #201:
[ 6  2  3  4  5  ]
[ 1  7  8  9  10 ]
[ 11 13 12 0  15 ]
[ 16 17 18 14 19 ]
[ 21 22 23 24 20 ]

Step #202:
[ 6  2  3  4  5  ]
[ 1  7  8  9  10 ]
[ 11 13 0  12 15 ]
[ 16 17 18 14 19 ]
[ 21 22 23 24 20 ]

Step #203:
[ 6  2  3  4  5  ]
[ 1  7  8  9  10 ]
[ 11 0  13 12 15 ]
[ 16 17 18 14 19 ]
[ 21 22 23 24 20 ]

Step #204:
[ 6  2  3  4  5  ]
[ 1  0  8  9  10 ]
[ 11 7  13 12 15 ]
[ 16 17 18 14 19 ]
[ 21 22 23 24 20 ]

Step #205:
[ 6  2  3  4  5  ]
[ 0  1  8  9  10 ]
[ 11 7  13 12 15 ]
[ 16 17 18 14 19 ]
[ 21 22 23 24 20 ]

Step #206:
[ 0  2  3  4  5  ]
[ 6  1  8  9  10 ]
[ 11 7  13 12 15 ]
[ 16 17 18 14 19 ]
[ 21 22 23 24 20 ]

Step #207:
[ 2  0  3  4  5  ]
[ 6  1  8  9  10 ]
[ 11 7  13 12 15 ]
[ 16 17 18 14 19 ]
[ 21 22 23 24 20 ]

Step #208:
[ 2  1  3  4  5  ]
[ 6  0  8  9  10 ]
[ 11 7  13 12 15 ]
[ 16 17 18 14 19 ]
[ 21 22 23 24 20 ]

Step #209:
[ 2  1  3  4  5  ]
[ 6  7  8  9  10 ]
[ 11 0  13 12 15 ]
[ 16 17 18 14 19 ]
[ 21 22 23 24 20 ]

Step #210:
[ 2  1  3  4  5  ]
[ 6  7  8  9  10 ]
[ 11 13 0  12 15 ]
[ 16 17 18 14 19 ]
[ 21 22 23 24 20 ]

Step #211:
[ 2  1  3  4  5  ]
[ 6  7  8  9  10 ]
[ 11 13 12 0  15 ]
[ 16 17 18 14 19 ]
[ 21 22 23 24 20 ]

Step #212:
[ 2  1  3  4  5  ]
[ 6  7  8  9  10 ]
[ 11 13 12 14 15 ]
[ 16 17 18 0  19 ]
[ 21 22 23 24 20 ]

Step #213:
[ 2  1  3  4  5  ]
[ 6  7  8  9  10 ]
[ 11 13 12 14 15 ]
[ 16 17 18 19 0  ]
[ 21 22 23 24 20 ]

Step #214:
[ 2  1  3  4  5  ]
[ 6  7  8  9  10 ]
[ 11 13 12 14 15 ]
[ 16 17 18 19 20 ]
[ 21 22 23 24 0  ]

Step #215:
[ 2  1  3  4  5  ]
[ 6  7  8  9  10 ]
[ 11 13 12 14 15 ]
[ 16 17 18 19 20 ]
[ 21 22 23 0  24 ]

Step #216:
[ 2  1  3  4  5  ]
[ 6  7  8  9  10 ]
[ 11 13 12 14 15 ]
[ 16 17 18 19 20 ]
[ 21 22 0  23 24 ]

Step #217:
[ 2  1  3  4  5  ]
[ 6  7  8  9  10 ]
[ 11 13 12 14 15 ]
[ 16 17 18 19 20 ]
[ 21 0  22 23 24 ]

Step #218:
[ 2  1  3  4  5  ]
[ 6  7  8  9  10 ]
[ 11 13 12 14 15 ]
[ 16 0  18 19 20 ]
[ 21 17 22 23 24 ]

Step #219:
[ 2  1  3  4  5  ]
[ 6  7  8  9  10 ]
[ 11 0  12 14 15 ]
[ 16 13 18 19 20 ]
[ 21 17 22 23 24 ]

Step #220:
[ 2  1  3  4  5  ]
[ 6  7  8  9  10 ]
[ 11 12 0  14 15 ]
[ 16 13 18 19 20 ]
[ 21 17 22 23 24 ]

Step #221:
[ 2  1  3  4  5  ]
[ 6  7  8  9  10 ]
[ 11 12 18 14 15 ]
[ 16 13 0  19 20 ]
[ 21 17 22 23 24 ]

Step #222:
[ 2  1  3  4  5  ]
[ 6  7  8  9  10 ]
[ 11 12 18 14 15 ]
[ 16 0  13 19 20 ]
[ 21 17 22 23 24 ]

Step #223:
[ 2  1  3  4  5  ]
[ 6  7  8  9  10 ]
[ 11 12 18 14 15 ]
[ 16 17 13 19 20 ]
[ 21 0  22 23 24 ]

Step #224:
[ 2  1  3  4  5  ]
[ 6  7  8  9  10 ]
[ 11 12 18 14 15 ]
[ 16 17 13 19 20 ]
[ 21 22 0  23 24 ]

Step #225:
[ 2  1  3  4  5  ]
[ 6  7  8  9  10 ]
[ 11 12 18 14 15 ]
[ 16 17 13 19 20 ]
[ 21 22 23 0  24 ]

Step #226:
[ 2  1  3  4  5  ]
[ 6  7  8  9  10 ]
[ 11 12 18 14 15 ]
[ 16 17 13 0  20 ]
[ 21 22 23 19 24 ]

Step #227:
[ 2  1  3  4  5  ]
[ 6  7  8  9  10 ]
[ 11 12 18 14 15 ]
[ 16 17 0  13 20 ]
[ 21 22 23 19 24 ]

Step #228:
[ 2  1  3  4  5  ]
[ 6  7  8  9  10 ]
[ 11 12 0  14 15 ]
[ 16 17 18 13 20 ]
[ 21 22 23 19 24 ]

Step #229:
[ 2  1  3  4  5  ]
[ 6  7  8  9  10 ]
[ 11 12 14 0  15 ]
[ 16 17 18 13 20 ]
[ 21 22 23 19 24 ]

Step #230:
[ 2  1  3  4  5  ]
[ 6  7  8  9  10 ]
[ 11 12 14 13 15 ]
[ 16 17 18 0  20 ]
[ 21 22 23 19 24 ]

Step #231:
[ 2  1  3  4  5  ]
[ 6  7  8  9  10 ]
[ 11 12 14 13 15 ]
[ 16 17 18 19 20 ]
[ 21 22 23 0  24 ]

Step #232:
[ 2  1  3  4  5  ]
[ 6  7  8  9  10 ]
[ 11 12 14 13 15 ]
[ 16 17 18 19 20 ]
[ 21 22 0  23 24 ]

Step #233:
[ 2  1  3  4  5  ]
[ 6  7  8  9  10 ]
[ 11 12 14 13 15 ]
[ 16 17 0  19 20 ]
[ 21 22 18 23 24 ]

Step #234:
[ 2  1  3  4  5  ]
[ 6  7  8  9  10 ]
[ 11 12 0  13 15 ]
[ 16 17 14 19 20 ]
[ 21 22 18 23 24 ]

Step #235:
[ 2  1  3  4  5  ]
[ 6  7  8  9  10 ]
[ 11 12 13 0  15 ]
[ 16 17 14 19 20 ]
[ 21 22 18 23 24 ]

Step #236:
[ 2  1  3  4  5  ]
[ 6  7  8  9  10 ]
[ 11 12 13 19 15 ]
[ 16 17 14 0  20 ]
[ 21 22 18 23 24 ]

Step #237:
[ 2  1  3  4  5  ]
[ 6  7  8  9  10 ]
[ 11 12 13 19 15 ]
[ 16 17 0  14 20 ]
[ 21 22 18 23 24 ]

Step #238:
[ 2  1  3  4  5  ]
[ 6  7  8  9  10 ]
[ 11 12 13 19 15 ]
[ 16 17 18 14 20 ]
[ 21 22 0  23 24 ]

Step #239:
[ 2  1  3  4  5  ]
[ 6  7  8  9  10 ]
[ 11 12 13 19 15 ]
[ 16 17 18 14 20 ]
[ 21 22 23 0  24 ]

Step #240:
[ 2  1  3  4  5  ]
[ 6  7  8  9  10 ]
[ 11 12 13 19 15 ]
[ 16 17 18 14 20 ]
[ 21 22 23 24 0  ]

Step #241:
[ 2  1  3  4  5  ]
[ 6  7  8  9  10 ]
[ 11 12 13 19 15 ]
[ 16 17 18 14 0  ]
[ 21 22 23 24 20 ]

Step #242:
[ 2  1  3  4  5  ]
[ 6  7  8  9  10 ]
[ 11 12 13 19 15 ]
[ 16 17 18 0  14 ]
[ 21 22 23 24 20 ]

Step #243:
[ 2  1  3  4  5  ]
[ 6  7  8  9  10 ]
[ 11 12 13 0  15 ]
[ 16 17 18 19 14 ]
[ 21 22 23 24 20 ]

Step #244:
[ 2  1  3  4  5  ]
[ 6  7  8  9  10 ]
[ 11 12 13 15 0  ]
[ 16 17 18 19 14 ]
[ 21 22 23 24 20 ]

Step #245:
[ 2  1  3  4  5  ]
[ 6  7  8  9  10 ]
[ 11 12 13 15 14 ]
[ 16 17 18 19 0  ]
[ 21 22 23 24 20 ]

Step #246:
[ 2  1  3  4  5  ]
[ 6  7  8  9  10 ]
[ 11 12 13 15 14 ]
[ 16 17 18 0  19 ]
[ 21 22 23 24 20 ]

Step #247:
[ 2  1  3  4  5  ]
[ 6  7  8  9  10 ]
[ 11 12 13 0  14 ]
[ 16 17 18 15 19 ]
[ 21 22 23 24 20 ]

Step #248:
[ 2  1  3  4  5  ]
[ 6  7  8  9  10 ]
[ 11 12 13 14 0  ]
[ 16 17 18 15 19 ]
[ 21 22 23 24 20 ]

Step #249:
[ 2  1  3  4  5  ]
[ 6  7  8  9  0  ]
[ 11 12 13 14 10 ]
[ 16 17 18 15 19 ]
[ 21 22 23 24 20 ]

Step #250:
[ 2  1  3  4  5  ]
[ 6  7  8  0  9  ]
[ 11 12 13 14 10 ]
[ 16 17 18 15 19 ]
[ 21 22 23 24 20 ]

Step #251:
[ 2  1  3  4  5  ]
[ 6  7  8  14 9  ]
[ 11 12 13 0  10 ]
[ 16 17 18 15 19 ]
[ 21 22 23 24 20 ]

Step #252:
[ 2  1  3  4  5  ]
[ 6  7  8  14 9  ]
[ 11 12 13 15 10 ]
[ 16 17 18 0  19 ]
[ 21 22 23 24 20 ]

Step #253:
[ 2  1  3  4  5  ]
[ 6  7  8  14 9  ]
[ 11 12 13 15 10 ]
[ 16 17 18 19 0  ]
[ 21 22 23 24 20 ]

Step #254:
[ 2  1  3  4  5  ]
[ 6  7  8  14 9  ]
[ 11 12 13 15 0  ]
[ 16 17 18 19 10 ]
[ 21 22 23 24 20 ]

Step #255:
[ 2  1  3  4  5  ]
[ 6  7  8  14 9  ]
[ 11 12 13 0  15 ]
[ 16 17 18 19 10 ]
[ 21 22 23 24 20 ]

Step #256:
[ 2  1  3  4  5  ]
[ 6  7  8  0  9  ]
[ 11 12 13 14 15 ]
[ 16 17 18 19 10 ]
[ 21 22 23 24 20 ]

Step #257:
[ 2  1  3  4  5  ]
[ 6  7  8  9  0  ]
[ 11 12 13 14 15 ]
[ 16 17 18 19 10 ]
[ 21 22 23 24 20 ]

Step #258:
[ 2  1  3  4  5  ]
[ 6  7  8  9  15 ]
[ 11 12 13 14 0  ]
[ 16 17 18 19 10 ]
[ 21 22 23 24 20 ]

Step #259:
[ 2  1  3  4  5  ]
[ 6  7  8  9  15 ]
[ 11 12 13 14 10 ]
[ 16 17 18 19 0  ]
[ 21 22 23 24 20 ]

Step #260:
[ 2  1  3  4  5  ]
[ 6  7  8  9  15 ]
[ 11 12 13 14 10 ]
[ 16 17 18 0  19 ]
[ 21 22 23 24 20 ]

Step #261:
[ 2  1  3  4  5  ]
[ 6  7  8  9  15 ]
[ 11 12 13 0  10 ]
[ 16 17 18 14 19 ]
[ 21 22 23 24 20 ]

Step #262:
[ 2  1  3  4  5  ]
[ 6  7  8  9  15 ]
[ 11 12 13 10 0  ]
[ 16 17 18 14 19 ]
[ 21 22 23 24 20 ]

Step #263:
[ 2  1  3  4  5  ]
[ 6  7  8  9  0  ]
[ 11 12 13 10 15 ]
[ 16 17 18 14 19 ]
[ 21 22 23 24 20 ]

Step #264:
[ 2  1  3  4  5  ]
[ 6  7  8  0  9  ]
[ 11 12 13 10 15 ]
[ 16 17 18 14 19 ]
[ 21 22 23 24 20 ]

Step #265:
[ 2  1  3  4  5  ]
[ 6  7  8  10 9  ]
[ 11 12 13 0  15 ]
[ 16 17 18 14 19 ]
[ 21 22 23 24 20 ]

Step #266:
[ 2  1  3  4  5  ]
[ 6  7  8  10 9  ]
[ 11 12 13 14 15 ]
[ 16 17 18 0  19 ]
[ 21 22 23 24 20 ]

Step #267:
[ 2  1  3  4  5  ]
[ 6  7  8  10 9  ]
[ 11 12 13 14 15 ]
[ 16 17 18 19 0  ]
[ 21 22 23 24 20 ]

Step #268:
[ 2  1  3  4  5  ]
[ 6  7  8  10 9  ]
[ 11 12 13 14 0  ]
[ 16 17 18 19 15 ]
[ 21 22 23 24 20 ]

Step #269:
[ 2  1  3  4  5  ]
[ 6  7  8  10 0  ]
[ 11 12 13 14 9  ]
[ 16 17 18 19 15 ]
[ 21 22 23 24 20 ]

Step #270:
[ 2  1  3  4  5  ]
[ 6  7  8  0  10 ]
[ 11 12 13 14 9  ]
[ 16 17 18 19 15 ]
[ 21 22 23 24 20 ]

Step #271:
[ 2  1  3  4  5  ]
[ 6  7  8  14 10 ]
[ 11 12 13 0  9  ]
[ 16 17 18 19 15 ]
[ 21 22 23 24 20 ]

Step #272:
[ 2  1  3  4  5  ]
[ 6  7  8  14 10 ]
[ 11 12 13 9  0  ]
[ 16 17 18 19 15 ]
[ 21 22 23 24 20 ]

Step #273:
[ 2  1  3  4  5  ]
[ 6  7  8  14 10 ]
[ 11 12 13 9  15 ]
[ 16 17 18 19 0  ]
[ 21 22 23 24 20 ]

Step #274:
[ 2  1  3  4  5  ]
[ 6  7  8  14 10 ]
[ 11 12 13 9  15 ]
[ 16 17 18 19 20 ]
[ 21 22 23 24 0  ]

Step #275:
[ 2  1  3  4  5  ]
[ 6  7  8  14 10 ]
[ 11 12 13 9  15 ]
[ 16 17 18 19 20 ]
[ 21 22 23 0  24 ]

Step #276:
[ 2  1  3  4  5  ]
[ 6  7  8  14 10 ]
[ 11 12 13 9  15 ]
[ 16 17 18 0  20 ]
[ 21 22 23 19 24 ]

Step #277:
[ 2  1  3  4  5  ]
[ 6  7  8  14 10 ]
[ 11 12 13 0  15 ]
[ 16 17 18 9  20 ]
[ 21 22 23 19 24 ]

Step #278:
[ 2  1  3  4  5  ]
[ 6  7  8  14 10 ]
[ 11 12 13 15 0  ]
[ 16 17 18 9  20 ]
[ 21 22 23 19 24 ]

Step #279:
[ 2  1  3  4  5  ]
[ 6  7  8  14 10 ]
[ 11 12 13 15 20 ]
[ 16 17 18 9  0  ]
[ 21 22 23 19 24 ]

Step #280:
[ 2  1  3  4  5  ]
[ 6  7  8  14 10 ]
[ 11 12 13 15 20 ]
[ 16 17 18 0  9  ]
[ 21 22 23 19 24 ]

Step #281:
[ 2  1  3  4  5  ]
[ 6  7  8  14 10 ]
[ 11 12 13 15 20 ]
[ 16 17 18 19 9  ]
[ 21 22 23 0  24 ]

Step #282:
[ 2  1  3  4  5  ]
[ 6  7  8  14 10 ]
[ 11 12 13 15 20 ]
[ 16 17 18 19 9  ]
[ 21 22 23 24 0  ]

Step #283:
[ 2  1  3  4  5  ]
[ 6  7  8  14 10 ]
[ 11 12 13 15 20 ]
[ 16 17 18 19 0  ]
[ 21 22 23 24 9  ]

Step #284:
[ 2  1  3  4  5  ]
[ 6  7  8  14 10 ]
[ 11 12 13 15 0  ]
[ 16 17 18 19 20 ]
[ 21 22 23 24 9  ]

Step #285:
[ 2  1  3  4  5  ]
[ 6  7  8  14 10 ]
[ 11 12 13 0  15 ]
[ 16 17 18 19 20 ]
[ 21 22 23 24 9  ]

Step #286:
[ 2  1  3  4  5  ]
[ 6  7  8  0  10 ]
[ 11 12 13 14 15 ]
[ 16 17 18 19 20 ]
[ 21 22 23 24 9  ]

Step #287:
[ 2  1  3  4  5  ]
[ 6  7  0  8  10 ]
[ 11 12 13 14 15 ]
[ 16 17 18 19 20 ]
[ 21 22 23 24 9  ]

Step #288:
[ 2  1  3  4  5  ]
[ 6  0  7  8  10 ]
[ 11 12 13 14 15 ]
[ 16 17 18 19 20 ]
[ 21 22 23 24 9  ]

Step #289:
[ 2  0  3  4  5  ]
[ 6  1  7  8  10 ]
[ 11 12 13 14 15 ]
[ 16 17 18 19 20 ]
[ 21 22 23 24 9  ]

Step #290:
[ 0  2  3  4  5  ]
[ 6  1  7  8  10 ]
[ 11 12 13 14 15 ]
[ 16 17 18 19 20 ]
[ 21 22 23 24 9  ]

Step #291:
[ 6  2  3  4  5  ]
[ 0  1  7  8  10 ]
[ 11 12 13 14 15 ]
[ 16 17 18 19 20 ]
[ 21 22 23 24 9  ]

Step #292:
[ 6  2  3  4  5  ]
[ 1  0  7  8  10 ]
[ 11 12 13 14 15 ]
[ 16 17 18 19 20 ]
[ 21 22 23 24 9  ]

Step #293:
[ 6  2  3  4  5  ]
[ 1  7  0  8  10 ]
[ 11 12 13 14 15 ]
[ 16 17 18 19 20 ]
[ 21 22 23 24 9  ]

Step #294:
[ 6  2  3  4  5  ]
[ 1  7  8  0  10 ]
[ 11 12 13 14 15 ]
[ 16 17 18 19 20 ]
[ 21 22 23 24 9  ]

Step #295:
[ 6  2  3  0  5  ]
[ 1  7  8  4  10 ]
[ 11 12 13 14 15 ]
[ 16 17 18 19 20 ]
[ 21 22 23 24 9  ]

Step #296:
[ 6  2  0  3  5  ]
[ 1  7  8  4  10 ]
[ 11 12 13 14 15 ]
[ 16 17 18 19 20 ]
[ 21 22 23 24 9  ]

Step #297:
[ 6  0  2  3  5  ]
[ 1  7  8  4  10 ]
[ 11 12 13 14 15 ]
[ 16 17 18 19 20 ]
[ 21 22 23 24 9  ]

Step #298:
[ 0  6  2  3  5  ]
[ 1  7  8  4  10 ]
[ 11 12 13 14 15 ]
[ 16 17 18 19 20 ]
[ 21 22 23 24 9  ]

Step #299:
[ 1  6  2  3  5  ]
[ 0  7  8  4  10 ]
[ 11 12 13 14 15 ]
[ 16 17 18 19 20 ]
[ 21 22 23 24 9  ]

Step #300:
[ 1  6  2  3  5  ]
[ 7  0  8  4  10 ]
[ 11 12 13 14 15 ]
[ 16 17 18 19 20 ]
[ 21 22 23 24 9  ]

Step #301:
[ 1  0  2  3  5  ]
[ 7  6  8  4  10 ]
[ 11 12 13 14 15 ]
[ 16 17 18 19 20 ]
[ 21 22 23 24 9  ]

Step #302:
[ 1  2  0  3  5  ]
[ 7  6  8  4  10 ]
[ 11 12 13 14 15 ]
[ 16 17 18 19 20 ]
[ 21 22 23 24 9  ]

Step #303:
[ 1  2  3  0  5  ]
[ 7  6  8  4  10 ]
[ 11 12 13 14 15 ]
[ 16 17 18 19 20 ]
[ 21 22 23 24 9  ]

Step #304:
[ 1  2  3  4  5  ]
[ 7  6  8  0  10 ]
[ 11 12 13 14 15 ]
[ 16 17 18 19 20 ]
[ 21 22 23 24 9  ]

Step #305:
[ 1  2  3  4  5  ]
[ 7  6  8  14 10 ]
[ 11 12 13 0  15 ]
[ 16 17 18 19 20 ]
[ 21 22 23 24 9  ]

Step #306:
[ 1  2  3  4  5  ]
[ 7  6  8  14 10 ]
[ 11 12 13 19 15 ]
[ 16 17 18 0  20 ]
[ 21 22 23 24 9  ]

Step #307:
[ 1  2  3  4  5  ]
[ 7  6  8  14 10 ]
[ 11 12 13 19 15 ]
[ 16 17 18 20 0  ]
[ 21 22 23 24 9  ]

Step #308:
[ 1  2  3  4  5  ]
[ 7  6  8  14 10 ]
[ 11 12 13 19 15 ]
[ 16 17 18 20 9  ]
[ 21 22 23 24 0  ]

Step #309:
[ 1  2  3  4  5  ]
[ 7  6  8  14 10 ]
[ 11 12 13 19 15 ]
[ 16 17 18 20 9  ]
[ 21 22 23 0  24 ]

Step #310:
[ 1  2  3  4  5  ]
[ 7  6  8  14 10 ]
[ 11 12 13 19 15 ]
[ 16 17 18 0  9  ]
[ 21 22 23 20 24 ]

Step #311:
[ 1  2  3  4  5  ]
[ 7  6  8  14 10 ]
[ 11 12 13 0  15 ]
[ 16 17 18 19 9  ]
[ 21 22 23 20 24 ]

Step #312:
[ 1  2  3  4  5  ]
[ 7  6  8  0  10 ]
[ 11 12 13 14 15 ]
[ 16 17 18 19 9  ]
[ 21 22 23 20 24 ]

Step #313:
[ 1  2  3  4  5  ]
[ 7  6  8  10 0  ]
[ 11 12 13 14 15 ]
[ 16 17 18 19 9  ]
[ 21 22 23 20 24 ]

Step #314:
[ 1  2  3  4  5  ]
[ 7  6  8  10 15 ]
[ 11 12 13 14 0  ]
[ 16 17 18 19 9  ]
[ 21 22 23 20 24 ]

Step #315:
[ 1  2  3  4  5  ]
[ 7  6  8  10 15 ]
[ 11 12 13 14 9  ]
[ 16 17 18 19 0  ]
[ 21 22 23 20 24 ]

Step #316:
[ 1  2  3  4  5  ]
[ 7  6  8  10 15 ]
[ 11 12 13 14 9  ]
[ 16 17 18 0  19 ]
[ 21 22 23 20 24 ]

Step #317:
[ 1  2  3  4  5  ]
[ 7  6  8  10 15 ]
[ 11 12 13 14 9  ]
[ 16 17 18 20 19 ]
[ 21 22 23 0  24 ]

Step #318:
[ 1  2  3  4  5  ]
[ 7  6  8  10 15 ]
[ 11 12 13 14 9  ]
[ 16 17 18 20 19 ]
[ 21 22 23 24 0  ]

Step #319:
[ 1  2  3  4  5  ]
[ 7  6  8  10 15 ]
[ 11 12 13 14 9  ]
[ 16 17 18 20 0  ]
[ 21 22 23 24 19 ]

Step #320:
[ 1  2  3  4  5  ]
[ 7  6  8  10 15 ]
[ 11 12 13 14 9  ]
[ 16 17 18 0  20 ]
[ 21 22 23 24 19 ]

Step #321:
[ 1  2  3  4  5  ]
[ 7  6  8  10 15 ]
[ 11 12 13 0  9  ]
[ 16 17 18 14 20 ]
[ 21 22 23 24 19 ]

Step #322:
[ 1  2  3  4  5  ]
[ 7  6  8  10 15 ]
[ 11 12 13 9  0  ]
[ 16 17 18 14 20 ]
[ 21 22 23 24 19 ]

Step #323:
[ 1  2  3  4  5  ]
[ 7  6  8  10 0  ]
[ 11 12 13 9  15 ]
[ 16 17 18 14 20 ]
[ 21 22 23 24 19 ]

Step #324:
[ 1  2  3  4  5  ]
[ 7  6  8  0  10 ]
[ 11 12 13 9  15 ]
[ 16 17 18 14 20 ]
[ 21 22 23 24 19 ]

Step #325:
[ 1  2  3  4  5  ]
[ 7  6  8  9  10 ]
[ 11 12 13 0  15 ]
[ 16 17 18 14 20 ]
[ 21 22 23 24 19 ]

Step #326:
[ 1  2  3  4  5  ]
[ 7  6  8  9  10 ]
[ 11 12 0  13 15 ]
[ 16 17 18 14 20 ]
[ 21 22 23 24 19 ]

Step #327:
[ 1  2  3  4  5  ]
[ 7  6  8  9  10 ]
[ 11 0  12 13 15 ]
[ 16 17 18 14 20 ]
[ 21 22 23 24 19 ]

Step #328:
[ 1  2  3  4  5  ]
[ 7  0  8  9  10 ]
[ 11 6  12 13 15 ]
[ 16 17 18 14 20 ]
[ 21 22 23 24 19 ]

Step #329:
[ 1  2  3  4  5  ]
[ 0  7  8  9  10 ]
[ 11 6  12 13 15 ]
[ 16 17 18 14 20 ]
[ 21 22 23 24 19 ]

Step #330:
[ 1  2  3  4  5  ]
[ 11 7  8  9  10 ]
[ 0  6  12 13 15 ]
[ 16 17 18 14 20 ]
[ 21 22 23 24 19 ]

Step #331:
[ 1  2  3  4  5  ]
[ 11 7  8  9  10 ]
[ 6  0  12 13 15 ]
[ 16 17 18 14 20 ]
[ 21 22 23 24 19 ]

Step #332:
[ 1  2  3  4  5  ]
[ 11 7  8  9  10 ]
[ 6  12 0  13 15 ]
[ 16 17 18 14 20 ]
[ 21 22 23 24 19 ]

Step #333:
[ 1  2  3  4  5  ]
[ 11 7  8  9  10 ]
[ 6  12 13 0  15 ]
[ 16 17 18 14 20 ]
[ 21 22 23 24 19 ]

Step #334:
[ 1  2  3  4  5  ]
[ 11 7  8  9  10 ]
[ 6  12 13 14 15 ]
[ 16 17 18 0  20 ]
[ 21 22 23 24 19 ]

Step #335:
[ 1  2  3  4  5  ]
[ 11 7  8  9  10 ]
[ 6  12 13 14 15 ]
[ 16 17 18 24 20 ]
[ 21 22 23 0  19 ]

Step #336:
[ 1  2  3  4  5  ]
[ 11 7  8  9  10 ]
[ 6  12 13 14 15 ]
[ 16 17 18 24 20 ]
[ 21 22 23 19 0  ]

Step #337:
[ 1  2  3  4  5  ]
[ 11 7  8  9  10 ]
[ 6  12 13 14 15 ]
[ 16 17 18 24 0  ]
[ 21 22 23 19 20 ]

Step #338:
[ 1  2  3  4  5  ]
[ 11 7  8  9  10 ]
[ 6  12 13 14 15 ]
[ 16 17 18 0  24 ]
[ 21 22 23 19 20 ]

Step #339:
[ 1  2  3  4  5  ]
[ 11 7  8  9  10 ]
[ 6  12 13 14 15 ]
[ 16 17 18 19 24 ]
[ 21 22 23 0  20 ]

Step #340:
[ 1  2  3  4  5  ]
[ 11 7  8  9  10 ]
[ 6  12 13 14 15 ]
[ 16 17 18 19 24 ]
[ 21 22 23 20 0  ]

Step #341:
[ 1  2  3  4  5  ]
[ 11 7  8  9  10 ]
[ 6  12 13 14 15 ]
[ 16 17 18 19 0  ]
[ 21 22 23 20 24 ]

Step #342:
[ 1  2  3  4  5  ]
[ 11 7  8  9  10 ]
[ 6  12 13 14 0  ]
[ 16 17 18 19 15 ]
[ 21 22 23 20 24 ]

Step #343:
[ 1  2  3  4  5  ]
[ 11 7  8  9  10 ]
[ 6  12 13 0  14 ]
[ 16 17 18 19 15 ]
[ 21 22 23 20 24 ]

Step #344:
[ 1  2  3  4  5  ]
[ 11 7  8  9  10 ]
[ 6  12 13 19 14 ]
[ 16 17 18 0  15 ]
[ 21 22 23 20 24 ]

Step #345:
[ 1  2  3  4  5  ]
[ 11 7  8  9  10 ]
[ 6  12 13 19 14 ]
[ 16 17 18 20 15 ]
[ 21 22 23 0  24 ]

Step #346:
[ 1  2  3  4  5  ]
[ 11 7  8  9  10 ]
[ 6  12 13 19 14 ]
[ 16 17 18 20 15 ]
[ 21 22 23 24 0  ]

Step #347:
[ 1  2  3  4  5  ]
[ 11 7  8  9  10 ]
[ 6  12 13 19 14 ]
[ 16 17 18 20 0  ]
[ 21 22 23 24 15 ]

Step #348:
[ 1  2  3  4  5  ]
[ 11 7  8  9  10 ]
[ 6  12 13 19 14 ]
[ 16 17 18 0  20 ]
[ 21 22 23 24 15 ]

Step #349:
[ 1  2  3  4  5  ]
[ 11 7  8  9  10 ]
[ 6  12 13 0  14 ]
[ 16 17 18 19 20 ]
[ 21 22 23 24 15 ]

Step #350:
[ 1  2  3  4  5  ]
[ 11 7  8  9  10 ]
[ 6  12 13 14 0  ]
[ 16 17 18 19 20 ]
[ 21 22 23 24 15 ]

Step #351:
[ 1  2  3  4  5  ]
[ 11 7  8  9  10 ]
[ 6  12 13 14 20 ]
[ 16 17 18 19 0  ]
[ 21 22 23 24 15 ]

Step #352:
[ 1  2  3  4  5  ]
[ 11 7  8  9  10 ]
[ 6  12 13 14 20 ]
[ 16 17 18 19 15 ]
[ 21 22 23 24 0  ]

Step #353:
[ 1  2  3  4  5  ]
[ 11 7  8  9  10 ]
[ 6  12 13 14 20 ]
[ 16 17 18 19 15 ]
[ 21 22 23 0  24 ]

Step #354:
[ 1  2  3  4  5  ]
[ 11 7  8  9  10 ]
[ 6  12 13 14 20 ]
[ 16 17 18 0  15 ]
[ 21 22 23 19 24 ]

Step #355:
[ 1  2  3  4  5  ]
[ 11 7  8  9  10 ]
[ 6  12 13 14 20 ]
[ 16 17 18 15 0  ]
[ 21 22 23 19 24 ]

Step #356:
[ 1  2  3  4  5  ]
[ 11 7  8  9  10 ]
[ 6  12 13 14 0  ]
[ 16 17 18 15 20 ]
[ 21 22 23 19 24 ]

Step #357:
[ 1  2  3  4  5  ]
[ 11 7  8  9  10 ]
[ 6  12 13 0  14 ]
[ 16 17 18 15 20 ]
[ 21 22 23 19 24 ]

Step #358:
[ 1  2  3  4  5  ]
[ 11 7  8  9  10 ]
[ 6  12 13 15 14 ]
[ 16 17 18 0  20 ]
[ 21 22 23 19 24 ]

Step #359:
[ 1  2  3  4  5  ]
[ 11 7  8  9  10 ]
[ 6  12 13 15 14 ]
[ 16 17 18 19 20 ]
[ 21 22 23 0  24 ]

Step #360:
[ 1  2  3  4  5  ]
[ 11 7  8  9  10 ]
[ 6  12 13 15 14 ]
[ 16 17 18 19 20 ]
[ 21 22 23 24 0  ]

Step #361:
[ 1  2  3  4  5  ]
[ 11 7  8  9  10 ]
[ 6  12 13 15 14 ]
[ 16 17 18 19 0  ]
[ 21 22 23 24 20 ]

Step #362:
[ 1  2  3  4  5  ]
[ 11 7  8  9  10 ]
[ 6  12 13 15 0  ]
[ 16 17 18 19 14 ]
[ 21 22 23 24 20 ]

Step #363:
[ 1  2  3  4  5  ]
[ 11 7  8  9  10 ]
[ 6  12 13 0  15 ]
[ 16 17 18 19 14 ]
[ 21 22 23 24 20 ]

Step #364:
[ 1  2  3  4  5  ]
[ 11 7  8  0  10 ]
[ 6  12 13 9  15 ]
[ 16 17 18 19 14 ]
[ 21 22 23 24 20 ]

Step #365:
[ 1  2  3  4  5  ]
[ 11 7  0  8  10 ]
[ 6  12 13 9  15 ]
[ 16 17 18 19 14 ]
[ 21 22 23 24 20 ]

Step #366:
[ 1  2  3  4  5  ]
[ 11 0  7  8  10 ]
[ 6  12 13 9  15 ]
[ 16 17 18 19 14 ]
[ 21 22 23 24 20 ]

Step #367:
[ 1  2  3  4  5  ]
[ 0  11 7  8  10 ]
[ 6  12 13 9  15 ]
[ 16 17 18 19 14 ]
[ 21 22 23 24 20 ]

Step #368:
[ 1  2  3  4  5  ]
[ 6  11 7  8  10 ]
[ 0  12 13 9  15 ]
[ 16 17 18 19 14 ]
[ 21 22 23 24 20 ]

Step #369:
[ 1  2  3  4  5  ]
[ 6  11 7  8  10 ]
[ 12 0  13 9  15 ]
[ 16 17 18 19 14 ]
[ 21 22 23 24 20 ]

Step #370:
[ 1  2  3  4  5  ]
[ 6  0  7  8  10 ]
[ 12 11 13 9  15 ]
[ 16 17 18 19 14 ]
[ 21 22 23 24 20 ]

Step #371:
[ 1  2  3  4  5  ]
[ 6  7  0  8  10 ]
[ 12 11 13 9  15 ]
[ 16 17 18 19 14 ]
[ 21 22 23 24 20 ]

Step #372:
[ 1  2  3  4  5  ]
[ 6  7  8  0  10 ]
[ 12 11 13 9  15 ]
[ 16 17 18 19 14 ]
[ 21 22 23 24 20 ]

Step #373:
[ 1  2  3  4  5  ]
[ 6  7  8  9  10 ]
[ 12 11 13 0  15 ]
[ 16 17 18 19 14 ]
[ 21 22 23 24 20 ]

Step #374:
[ 1  2  3  4  5  ]
[ 6  7  8  9  10 ]
[ 12 11 13 19 15 ]
[ 16 17 18 0  14 ]
[ 21 22 23 24 20 ]

Step #375:
[ 1  2  3  4  5  ]
[ 6  7  8  9  10 ]
[ 12 11 13 19 15 ]
[ 16 17 18 14 0  ]
[ 21 22 23 24 20 ]

Step #376:
[ 1  2  3  4  5  ]
[ 6  7  8  9  10 ]
[ 12 11 13 19 15 ]
[ 16 17 18 14 20 ]
[ 21 22 23 24 0  ]

Step #377:
[ 1  2  3  4  5  ]
[ 6  7  8  9  10 ]
[ 12 11 13 19 15 ]
[ 16 17 18 14 20 ]
[ 21 22 23 0  24 ]

Step #378:
[ 1  2  3  4  5  ]
[ 6  7  8  9  10 ]
[ 12 11 13 19 15 ]
[ 16 17 18 0  20 ]
[ 21 22 23 14 24 ]

Step #379:
[ 1  2  3  4  5  ]
[ 6  7  8  9  10 ]
[ 12 11 13 0  15 ]
[ 16 17 18 19 20 ]
[ 21 22 23 14 24 ]

Step #380:
[ 1  2  3  4  5  ]
[ 6  7  8  9  10 ]
[ 12 11 13 15 0  ]
[ 16 17 18 19 20 ]
[ 21 22 23 14 24 ]

Step #381:
[ 1  2  3  4  5  ]
[ 6  7  8  9  10 ]
[ 12 11 13 15 20 ]
[ 16 17 18 19 0  ]
[ 21 22 23 14 24 ]

Step #382:
[ 1  2  3  4  5  ]
[ 6  7  8  9  10 ]
[ 12 11 13 15 20 ]
[ 16 17 18 0  19 ]
[ 21 22 23 14 24 ]

Step #383:
[ 1  2  3  4  5  ]
[ 6  7  8  9  10 ]
[ 12 11 13 15 20 ]
[ 16 17 18 14 19 ]
[ 21 22 23 0  24 ]

Step #384:
[ 1  2  3  4  5  ]
[ 6  7  8  9  10 ]
[ 12 11 13 15 20 ]
[ 16 17 18 14 19 ]
[ 21 22 23 24 0  ]

Step #385:
[ 1  2  3  4  5  ]
[ 6  7  8  9  10 ]
[ 12 11 13 15 20 ]
[ 16 17 18 14 0  ]
[ 21 22 23 24 19 ]

Step #386:
[ 1  2  3  4  5  ]
[ 6  7  8  9  10 ]
[ 12 11 13 15 0  ]
[ 16 17 18 14 20 ]
[ 21 22 23 24 19 ]

Step #387:
[ 1  2  3  4  5  ]
[ 6  7  8  9  10 ]
[ 12 11 13 0  15 ]
[ 16 17 18 14 20 ]
[ 21 22 23 24 19 ]

Step #388:
[ 1  2  3  4  5  ]
[ 6  7  8  9  10 ]
[ 12 11 13 14 15 ]
[ 16 17 18 0  20 ]
[ 21 22 23 24 19 ]

Step #389:
[ 1  2  3  4  5  ]
[ 6  7  8  9  10 ]
[ 12 11 13 14 15 ]
[ 16 17 0  18 20 ]
[ 21 22 23 24 19 ]

Step #390:
[ 1  2  3  4  5  ]
[ 6  7  8  9  10 ]
[ 12 11 13 14 15 ]
[ 16 0  17 18 20 ]
[ 21 22 23 24 19 ]

Step #391:
[ 1  2  3  4  5  ]
[ 6  7  8  9  10 ]
[ 12 0  13 14 15 ]
[ 16 11 17 18 20 ]
[ 21 22 23 24 19 ]

Step #392:
[ 1  2  3  4  5  ]
[ 6  7  8  9  10 ]
[ 0  12 13 14 15 ]
[ 16 11 17 18 20 ]
[ 21 22 23 24 19 ]

Step #393:
[ 1  2  3  4  5  ]
[ 6  7  8  9  10 ]
[ 16 12 13 14 15 ]
[ 0  11 17 18 20 ]
[ 21 22 23 24 19 ]

Step #394:
[ 1  2  3  4  5  ]
[ 6  7  8  9  10 ]
[ 16 12 13 14 15 ]
[ 11 0  17 18 20 ]
[ 21 22 23 24 19 ]

Step #395:
[ 1  2  3  4  5  ]
[ 6  7  8  9  10 ]
[ 16 12 13 14 15 ]
[ 11 17 0  18 20 ]
[ 21 22 23 24 19 ]

Step #396:
[ 1  2  3  4  5  ]
[ 6  7  8  9  10 ]
[ 16 12 13 14 15 ]
[ 11 17 23 18 20 ]
[ 21 22 0  24 19 ]

Step #397:
[ 1  2  3  4  5  ]
[ 6  7  8  9  10 ]
[ 16 12 13 14 15 ]
[ 11 17 23 18 20 ]
[ 21 22 24 0  19 ]

Step #398:
[ 1  2  3  4  5  ]
[ 6  7  8  9  10 ]
[ 16 12 13 14 15 ]
[ 11 17 23 18 20 ]
[ 21 22 24 19 0  ]

Step #399:
[ 1  2  3  4  5  ]
[ 6  7  8  9  10 ]
[ 16 12 13 14 15 ]
[ 11 17 23 18 0  ]
[ 21 22 24 19 20 ]

Step #400:
[ 1  2  3  4  5  ]
[ 6  7  8  9  10 ]
[ 16 12 13 14 15 ]
[ 11 17 23 0  18 ]
[ 21 22 24 19 20 ]

Step #401:
[ 1  2  3  4  5  ]
[ 6  7  8  9  10 ]
[ 16 12 13 14 15 ]
[ 11 17 23 19 18 ]
[ 21 22 24 0  20 ]

Step #402:
[ 1  2  3  4  5  ]
[ 6  7  8  9  10 ]
[ 16 12 13 14 15 ]
[ 11 17 23 19 18 ]
[ 21 22 0  24 20 ]

Step #403:
[ 1  2  3  4  5  ]
[ 6  7  8  9  10 ]
[ 16 12 13 14 15 ]
[ 11 17 0  19 18 ]
[ 21 22 23 24 20 ]

Step #404:
[ 1  2  3  4  5  ]
[ 6  7  8  9  10 ]
[ 16 12 13 14 15 ]
[ 11 0  17 19 18 ]
[ 21 22 23 24 20 ]

Step #405:
[ 1  2  3  4  5  ]
[ 6  7  8  9  10 ]
[ 16 12 13 14 15 ]
[ 0  11 17 19 18 ]
[ 21 22 23 24 20 ]

Step #406:
[ 1  2  3  4  5  ]
[ 6  7  8  9  10 ]
[ 0  12 13 14 15 ]
[ 16 11 17 19 18 ]
[ 21 22 23 24 20 ]

Step #407:
[ 1  2  3  4  5  ]
[ 6  7  8  9  10 ]
[ 12 0  13 14 15 ]
[ 16 11 17 19 18 ]
[ 21 22 23 24 20 ]

Step #408:
[ 1  2  3  4  5  ]
[ 6  7  8  9  10 ]
[ 12 11 13 14 15 ]
[ 16 0  17 19 18 ]
[ 21 22 23 24 20 ]

Step #409:
[ 1  2  3  4  5  ]
[ 6  7  8  9  10 ]
[ 12 11 13 14 15 ]
[ 16 17 0  19 18 ]
[ 21 22 23 24 20 ]

Step #410:
[ 1  2  3  4  5  ]
[ 6  7  8  9  10 ]
[ 12 11 13 14 15 ]
[ 16 17 19 0  18 ]
[ 21 22 23 24 20 ]

Step #411:
[ 1  2  3  4  5  ]
[ 6  7  8  9  10 ]
[ 12 11 13 14 15 ]
[ 16 17 19 18 0  ]
[ 21 22 23 24 20 ]

Step #412:
[ 1  2  3  4  5  ]
[ 6  7  8  9  10 ]
[ 12 11 13 14 15 ]
[ 16 17 19 18 20 ]
[ 21 22 23 24 0  ]

Step #413:
[ 1  2  3  4  5  ]
[ 6  7  8  9  10 ]
[ 12 11 13 14 15 ]
[ 16 17 19 18 20 ]
[ 21 22 23 0  24 ]

Step #414:
[ 1  2  3  4  5  ]
[ 6  7  8  9  10 ]
[ 12 11 13 14 15 ]
[ 16 17 19 0  20 ]
[ 21 22 23 18 24 ]

Step #415:
[ 1  2  3  4  5  ]
[ 6  7  8  9  10 ]
[ 12 11 13 14 15 ]
[ 16 17 0  19 20 ]
[ 21 22 23 18 24 ]

Step #416:
[ 1  2  3  4  5  ]
[ 6  7  8  9  10 ]
[ 12 11 13 14 15 ]
[ 16 17 23 19 20 ]
[ 21 22 0  18 24 ]

Step #417:
[ 1  2  3  4  5  ]
[ 6  7  8  9  10 ]
[ 12 11 13 14 15 ]
[ 16 17 23 19 20 ]
[ 21 22 18 0  24 ]

Step #418:
[ 1  2  3  4  5  ]
[ 6  7  8  9  10 ]
[ 12 11 13 14 15 ]
[ 16 17 23 19 20 ]
[ 21 22 18 24 0  ]

Step #419:
[ 1  2  3  4  5  ]
[ 6  7  8  9  10 ]
[ 12 11 13 14 15 ]
[ 16 17 23 19 0  ]
[ 21 22 18 24 20 ]

Step #420:
[ 1  2  3  4  5  ]
[ 6  7  8  9  10 ]
[ 12 11 13 14 15 ]
[ 16 17 23 0  19 ]
[ 21 22 18 24 20 ]

Step #421:
[ 1  2  3  4  5  ]
[ 6  7  8  9  10 ]
[ 12 11 13 14 15 ]
[ 16 17 0  23 19 ]
[ 21 22 18 24 20 ]

Step #422:
[ 1  2  3  4  5  ]
[ 6  7  8  9  10 ]
[ 12 11 13 14 15 ]
[ 16 17 18 23 19 ]
[ 21 22 0  24 20 ]

Step #423:
[ 1  2  3  4  5  ]
[ 6  7  8  9  10 ]
[ 12 11 13 14 15 ]
[ 16 17 18 23 19 ]
[ 21 22 24 0  20 ]

Step #424:
[ 1  2  3  4  5  ]
[ 6  7  8  9  10 ]
[ 12 11 13 14 15 ]
[ 16 17 18 0  19 ]
[ 21 22 24 23 20 ]

Step #425:
[ 1  2  3  4  5  ]
[ 6  7  8  9  10 ]
[ 12 11 13 14 15 ]
[ 16 17 18 19 0  ]
[ 21 22 24 23 20 ]

Step #426:
[ 1  2  3  4  5  ]
[ 6  7  8  9  10 ]
[ 12 11 13 14 15 ]
[ 16 17 18 19 20 ]
[ 21 22 24 23 0  ]

Step #427:
[ 1  2  3  4  5  ]
[ 6  7  8  9  10 ]
[ 12 11 13 14 15 ]
[ 16 17 18 19 20 ]
[ 21 22 24 0  23 ]

Step #428:
[ 1  2  3  4  5  ]
[ 6  7  8  9  10 ]
[ 12 11 13 14 15 ]
[ 16 17 18 19 20 ]
[ 21 22 0  24 23 ]

Step #429:
[ 1  2  3  4  5  ]
[ 6  7  8  9  10 ]
[ 12 11 13 14 15 ]
[ 16 17 18 19 20 ]
[ 21 0  22 24 23 ]

Step #430:
[ 1  2  3  4  5  ]
[ 6  7  8  9  10 ]
[ 12 11 13 14 15 ]
[ 16 17 18 19 20 ]
[ 0  21 22 24 23 ]

Step #431:
[ 1  2  3  4  5  ]
[ 6  7  8  9  10 ]
[ 12 11 13 14 15 ]
[ 0  17 18 19 20 ]
[ 16 21 22 24 23 ]

Step #432:
[ 1  2  3  4  5  ]
[ 6  7  8  9  10 ]
[ 0  11 13 14 15 ]
[ 12 17 18 19 20 ]
[ 16 21 22 24 23 ]

Step #433:
[ 1  2  3  4  5  ]
[ 6  7  8  9  10 ]
[ 11 0  13 14 15 ]
[ 12 17 18 19 20 ]
[ 16 21 22 24 23 ]

Step #434:
[ 1  2  3  4  5  ]
[ 6  7  8  9  10 ]
[ 11 17 13 14 15 ]
[ 12 0  18 19 20 ]
[ 16 21 22 24 23 ]

Step #435:
[ 1  2  3  4  5  ]
[ 6  7  8  9  10 ]
[ 11 17 13 14 15 ]
[ 0  12 18 19 20 ]
[ 16 21 22 24 23 ]

Step #436:
[ 1  2  3  4  5  ]
[ 6  7  8  9  10 ]
[ 11 17 13 14 15 ]
[ 16 12 18 19 20 ]
[ 0  21 22 24 23 ]

Step #437:
[ 1  2  3  4  5  ]
[ 6  7  8  9  10 ]
[ 11 17 13 14 15 ]
[ 16 12 18 19 20 ]
[ 21 0  22 24 23 ]

Step #438:
[ 1  2  3  4  5  ]
[ 6  7  8  9  10 ]
[ 11 17 13 14 15 ]
[ 16 12 18 19 20 ]
[ 21 22 0  24 23 ]

Step #439:
[ 1  2  3  4  5  ]
[ 6  7  8  9  10 ]
[ 11 17 13 14 15 ]
[ 16 12 0  19 20 ]
[ 21 22 18 24 23 ]

Step #440:
[ 1  2  3  4  5  ]
[ 6  7  8  9  10 ]
[ 11 17 13 14 15 ]
[ 16 0  12 19 20 ]
[ 21 22 18 24 23 ]

Step #441:
[ 1  2  3  4  5  ]
[ 6  7  8  9  10 ]
[ 11 0  13 14 15 ]
[ 16 17 12 19 20 ]
[ 21 22 18 24 23 ]

Step #442:
[ 1  2  3  4  5  ]
[ 6  7  8  9  10 ]
[ 11 13 0  14 15 ]
[ 16 17 12 19 20 ]
[ 21 22 18 24 23 ]

Step #443:
[ 1  2  3  4  5  ]
[ 6  7  8  9  10 ]
[ 11 13 12 14 15 ]
[ 16 17 0  19 20 ]
[ 21 22 18 24 23 ]

Step #444:
[ 1  2  3  4  5  ]
[ 6  7  8  9  10 ]
[ 11 13 12 14 15 ]
[ 16 17 18 19 20 ]
[ 21 22 0  24 23 ]

Step #445:
[ 1  2  3  4  5  ]
[ 6  7  8  9  10 ]
[ 11 13 12 14 15 ]
[ 16 17 18 19 20 ]
[ 21 0  22 24 23 ]

Step #446:
[ 1  2  3  4  5  ]
[ 6  7  8  9  10 ]
[ 11 13 12 14 15 ]
[ 16 0  18 19 20 ]
[ 21 17 22 24 23 ]

Step #447:
[ 1  2  3  4  5  ]
[ 6  7  8  9  10 ]
[ 11 0  12 14 15 ]
[ 16 13 18 19 20 ]
[ 21 17 22 24 23 ]

Step #448:
[ 1  2  3  4  5  ]
[ 6  7  8  9  10 ]
[ 11 12 0  14 15 ]
[ 16 13 18 19 20 ]
[ 21 17 22 24 23 ]

Step #449:
[ 1  2  3  4  5  ]
[ 6  7  8  9  10 ]
[ 11 12 18 14 15 ]
[ 16 13 0  19 20 ]
[ 21 17 22 24 23 ]

Step #450:
[ 1  2  3  4  5  ]
[ 6  7  8  9  10 ]
[ 11 12 18 14 15 ]
[ 16 0  13 19 20 ]
[ 21 17 22 24 23 ]

Step #451:
[ 1  2  3  4  5  ]
[ 6  7  8  9  10 ]
[ 11 12 18 14 15 ]
[ 16 17 13 19 20 ]
[ 21 0  22 24 23 ]

Step #452:
[ 1  2  3  4  5  ]
[ 6  7  8  9  10 ]
[ 11 12 18 14 15 ]
[ 16 17 13 19 20 ]
[ 21 22 0  24 23 ]

Step #453:
[ 1  2  3  4  5  ]
[ 6  7  8  9  10 ]
[ 11 12 18 14 15 ]
[ 16 17 13 19 20 ]
[ 21 22 24 0  23 ]

Step #454:
[ 1  2  3  4  5  ]
[ 6  7  8  9  10 ]
[ 11 12 18 14 15 ]
[ 16 17 13 19 20 ]
[ 21 22 24 23 0  ]

Step #455:
[ 1  2  3  4  5  ]
[ 6  7  8  9  10 ]
[ 11 12 18 14 15 ]
[ 16 17 13 19 0  ]
[ 21 22 24 23 20 ]

Step #456:
[ 1  2  3  4  5  ]
[ 6  7  8  9  10 ]
[ 11 12 18 14 15 ]
[ 16 17 13 0  19 ]
[ 21 22 24 23 20 ]

Step #457:
[ 1  2  3  4  5  ]
[ 6  7  8  9  10 ]
[ 11 12 18 14 15 ]
[ 16 17 0  13 19 ]
[ 21 22 24 23 20 ]

Step #458:
[ 1  2  3  4  5  ]
[ 6  7  8  9  10 ]
[ 11 12 0  14 15 ]
[ 16 17 18 13 19 ]
[ 21 22 24 23 20 ]

Step #459:
[ 1  2  3  4  5  ]
[ 6  7  8  9  10 ]
[ 11 12 14 0  15 ]
[ 16 17 18 13 19 ]
[ 21 22 24 23 20 ]

Step #460:
[ 1  2  3  4  5  ]
[ 6  7  8  9  10 ]
[ 11 12 14 13 15 ]
[ 16 17 18 0  19 ]
[ 21 22 24 23 20 ]

Step #461:
[ 1  2  3  4  5  ]
[ 6  7  8  9  10 ]
[ 11 12 14 13 15 ]
[ 16 17 18 19 0  ]
[ 21 22 24 23 20 ]

Step #462:
[ 1  2  3  4  5  ]
[ 6  7  8  9  10 ]
[ 11 12 14 13 15 ]
[ 16 17 18 19 20 ]
[ 21 22 24 23 0  ]

Step #463:
[ 1  2  3  4  5  ]
[ 6  7  8  9  10 ]
[ 11 12 14 13 15 ]
[ 16 17 18 19 20 ]
[ 21 22 24 0  23 ]

Step #464:
[ 1  2  3  4  5  ]
[ 6  7  8  9  10 ]
[ 11 12 14 13 15 ]
[ 16 17 18 19 20 ]
[ 21 22 0  24 23 ]

Step #465:
[ 1  2  3  4  5  ]
[ 6  7  8  9  10 ]
[ 11 12 14 13 15 ]
[ 16 17 0  19 20 ]
[ 21 22 18 24 23 ]

Step #466:
[ 1  2  3  4  5  ]
[ 6  7  8  9  10 ]
[ 11 12 0  13 15 ]
[ 16 17 14 19 20 ]
[ 21 22 18 24 23 ]

Step #467:
[ 1  2  3  4  5  ]
[ 6  7  8  9  10 ]
[ 11 12 13 0  15 ]
[ 16 17 14 19 20 ]
[ 21 22 18 24 23 ]

Step #468:
[ 1  2  3  4  5  ]
[ 6  7  8  9  10 ]
[ 11 12 13 19 15 ]
[ 16 17 14 0  20 ]
[ 21 22 18 24 23 ]

Step #469:
[ 1  2  3  4  5  ]
[ 6  7  8  9  10 ]
[ 11 12 13 19 15 ]
[ 16 17 0  14 20 ]
[ 21 22 18 24 23 ]

Step #470:
[ 1  2  3  4  5  ]
[ 6  7  8  9  10 ]
[ 11 12 13 19 15 ]
[ 16 17 18 14 20 ]
[ 21 22 0  24 23 ]

Step #471:
[ 1  2  3  4  5  ]
[ 6  7  8  9  10 ]
[ 11 12 13 19 15 ]
[ 16 17 18 14 20 ]
[ 21 22 24 0  23 ]

Step #472:
[ 1  2  3  4  5  ]
[ 6  7  8  9  10 ]
[ 11 12 13 19 15 ]
[ 16 17 18 14 20 ]
[ 21 22 24 23 0  ]

Step #473:
[ 1  2  3  4  5  ]
[ 6  7  8  9  10 ]
[ 11 12 13 19 15 ]
[ 16 17 18 14 0  ]
[ 21 22 24 23 20 ]

Step #474:
[ 1  2  3  4  5  ]
[ 6  7  8  9  10 ]
[ 11 12 13 19 0  ]
[ 16 17 18 14 15 ]
[ 21 22 24 23 20 ]

Step #475:
[ 1  2  3  4  5  ]
[ 6  7  8  9  10 ]
[ 11 12 13 0  19 ]
[ 16 17 18 14 15 ]
[ 21 22 24 23 20 ]

Step #476:
[ 1  2  3  4  5  ]
[ 6  7  8  9  10 ]
[ 11 12 13 14 19 ]
[ 16 17 18 0  15 ]
[ 21 22 24 23 20 ]

Step #477:
[ 1  2  3  4  5  ]
[ 6  7  8  9  10 ]
[ 11 12 13 14 19 ]
[ 16 17 18 23 15 ]
[ 21 22 24 0  20 ]

Step #478:
[ 1  2  3  4  5  ]
[ 6  7  8  9  10 ]
[ 11 12 13 14 19 ]
[ 16 17 18 23 15 ]
[ 21 22 0  24 20 ]

Step #479:
[ 1  2  3  4  5  ]
[ 6  7  8  9  10 ]
[ 11 12 13 14 19 ]
[ 16 17 0  23 15 ]
[ 21 22 18 24 20 ]

Step #480:
[ 1  2  3  4  5  ]
[ 6  7  8  9  10 ]
[ 11 12 13 14 19 ]
[ 16 17 23 0  15 ]
[ 21 22 18 24 20 ]

Step #481:
[ 1  2  3  4  5  ]
[ 6  7  8  9  10 ]
[ 11 12 13 14 19 ]
[ 16 17 23 15 0  ]
[ 21 22 18 24 20 ]

Step #482:
[ 1  2  3  4  5  ]
[ 6  7  8  9  10 ]
[ 11 12 13 14 0  ]
[ 16 17 23 15 19 ]
[ 21 22 18 24 20 ]

Step #483:
[ 1  2  3  4  5  ]
[ 6  7  8  9  10 ]
[ 11 12 13 0  14 ]
[ 16 17 23 15 19 ]
[ 21 22 18 24 20 ]

Step #484:
[ 1  2  3  4  5  ]
[ 6  7  8  9  10 ]
[ 11 12 13 15 14 ]
[ 16 17 23 0  19 ]
[ 21 22 18 24 20 ]

Step #485:
[ 1  2  3  4  5  ]
[ 6  7  8  9  10 ]
[ 11 12 13 15 14 ]
[ 16 17 23 19 0  ]
[ 21 22 18 24 20 ]

Step #486:
[ 1  2  3  4  5  ]
[ 6  7  8  9  10 ]
[ 11 12 13 15 0  ]
[ 16 17 23 19 14 ]
[ 21 22 18 24 20 ]

Step #487:
[ 1  2  3  4  5  ]
[ 6  7  8  9  10 ]
[ 11 12 13 0  15 ]
[ 16 17 23 19 14 ]
[ 21 22 18 24 20 ]

Step #488:
[ 1  2  3  4  5  ]
[ 6  7  8  9  10 ]
[ 11 12 13 19 15 ]
[ 16 17 23 0  14 ]
[ 21 22 18 24 20 ]

Step #489:
[ 1  2  3  4  5  ]
[ 6  7  8  9  10 ]
[ 11 12 13 19 15 ]
[ 16 17 23 14 0  ]
[ 21 22 18 24 20 ]

Step #490:
[ 1  2  3  4  5  ]
[ 6  7  8  9  10 ]
[ 11 12 13 19 15 ]
[ 16 17 23 14 20 ]
[ 21 22 18 24 0  ]

Step #491:
[ 1  2  3  4  5  ]
[ 6  7  8  9  10 ]
[ 11 12 13 19 15 ]
[ 16 17 23 14 20 ]
[ 21 22 18 0  24 ]

Step #492:
[ 1  2  3  4  5  ]
[ 6  7  8  9  10 ]
[ 11 12 13 19 15 ]
[ 16 17 23 14 20 ]
[ 21 22 0  18 24 ]

Step #493:
[ 1  2  3  4  5  ]
[ 6  7  8  9  10 ]
[ 11 12 13 19 15 ]
[ 16 17 0  14 20 ]
[ 21 22 23 18 24 ]

Step #494:
[ 1  2  3  4  5  ]
[ 6  7  8  9  10 ]
[ 11 12 13 19 15 ]
[ 16 17 14 0  20 ]
[ 21 22 23 18 24 ]

Step #495:
[ 1  2  3  4  5  ]
[ 6  7  8  9  10 ]
[ 11 12 13 19 15 ]
[ 16 17 14 18 20 ]
[ 21 22 23 0  24 ]

Step #496:
[ 1  2  3  4  5  ]
[ 6  7  8  9  10 ]
[ 11 12 13 19 15 ]
[ 16 17 14 18 20 ]
[ 21 22 23 24 0  ]

Step #497:
[ 1  2  3  4  5  ]
[ 6  7  8  9  10 ]
[ 11 12 13 19 15 ]
[ 16 17 14 18 0  ]
[ 21 22 23 24 20 ]

Step #498:
[ 1  2  3  4  5  ]
[ 6  7  8  9  10 ]
[ 11 12 13 19 15 ]
[ 16 17 14 0  18 ]
[ 21 22 23 24 20 ]

Step #499:
[ 1  2  3  4  5  ]
[ 6  7  8  9  10 ]
[ 11 12 13 19 15 ]
[ 16 17 0  14 18 ]
[ 21 22 23 24 20 ]

Step #500:
[ 1  2  3  4  5  ]
[ 6  7  8  9  10 ]
[ 11 12 0  19 15 ]
[ 16 17 13 14 18 ]
[ 21 22 23 24 20 ]

Step #501:
[ 1  2  3  4  5  ]
[ 6  7  8  9  10 ]
[ 11 12 19 0  15 ]
[ 16 17 13 14 18 ]
[ 21 22 23 24 20 ]

Step #502:
[ 1  2  3  4  5  ]
[ 6  7  8  9  10 ]
[ 11 12 19 14 15 ]
[ 16 17 13 0  18 ]
[ 21 22 23 24 20 ]

Step #503:
[ 1  2  3  4  5  ]
[ 6  7  8  9  10 ]
[ 11 12 19 14 15 ]
[ 16 17 13 18 0  ]
[ 21 22 23 24 20 ]

Step #504:
[ 1  2  3  4  5  ]
[ 6  7  8  9  10 ]
[ 11 12 19 14 0  ]
[ 16 17 13 18 15 ]
[ 21 22 23 24 20 ]

Step #505:
[ 1  2  3  4  5  ]
[ 6  7  8  9  10 ]
[ 11 12 19 0  14 ]
[ 16 17 13 18 15 ]
[ 21 22 23 24 20 ]

Step #506:
[ 1  2  3  4  5  ]
[ 6  7  8  9  10 ]
[ 11 12 0  19 14 ]
[ 16 17 13 18 15 ]
[ 21 22 23 24 20 ]

Step #507:
[ 1  2  3  4  5  ]
[ 6  7  8  9  10 ]
[ 11 12 13 19 14 ]
[ 16 17 0  18 15 ]
[ 21 22 23 24 20 ]

Step #508:
[ 1  2  3  4  5  ]
[ 6  7  8  9  10 ]
[ 11 12 13 19 14 ]
[ 16 17 18 0  15 ]
[ 21 22 23 24 20 ]

Step #509:
[ 1  2  3  4  5  ]
[ 6  7  8  9  10 ]
[ 11 12 13 0  14 ]
[ 16 17 18 19 15 ]
[ 21 22 23 24 20 ]

Step #510:
[ 1  2  3  4  5  ]
[ 6  7  8  9  10 ]
[ 11 12 13 14 0  ]
[ 16 17 18 19 15 ]
[ 21 22 23 24 20 ]

Step #511:
[ 1  2  3  4  5  ]
[ 6  7  8  9  10 ]
[ 11 12 13 14 15 ]
[ 16 17 18 19 0  ]
[ 21 22 23 24 20 ]

Step #512:
[ 1  2  3  4  5  ]
[ 6  7  8  9  10 ]
[ 11 12 13 14 15 ]
[ 16 17 18 19 20 ]
[ 21 22 23 24 0  ]

